IT8.7/2                                                                              
ORIGINATOR           "X-Rite, Inc."
DESCRIPTOR           "IT8.7/2 Reference Data File, 5x7 Fujicolor, ver2.2"
CREATED              "Friday, September 10, 2021"
MANUFACTURER         "X-Rite, Inc."
PROD_DATE            "2021:08"
SERIAL               "Batch Average Data"
MATERIAL             "Fuji Fujicolor Product Family"
NUMBER_OF_FIELDS           11
BEGIN_DATA_FORMAT
SAMPLE_ID               XYZ_X   XYZ_Y   XYZ_Z   LAB_L   LAB_A   LAB_B STDEV_X STDEV_Y STDEV_Z  STDEV_DE
END_DATA_FORMAT
NUMBER_OF_SETS 288
#
BEGIN_DATA
#ID                        X       Y       Z       L       A       B     SD_X     SD_Y    SD_Z     SD_dE
A01                      1.50    1.21    0.82   10.61   10.16    2.90    0.04     0.03    0.03      0.30
A02                      2.05    1.43    0.76   12.18   16.93    6.69    0.04     0.03    0.01      0.40
A03                      2.75    1.78    0.86   14.27   22.38    8.49    0.06     0.04    0.02      0.40
A04                      3.74    2.29    1.04   16.94   27.32   10.23    0.07     0.04    0.03      0.36
A05                      5.52    4.65    3.75   25.70   12.97    0.56    0.10     0.08    0.08      0.30
A06                      6.28    4.27    2.86   24.56   26.34    4.76    0.15     0.10    0.11      0.39
A07                      8.36    4.88    2.24   26.38   38.62   12.97    0.13     0.08    0.06      0.35
A08                     12.15    6.41    2.18   30.43   50.52   20.47    0.13     0.06    0.07      0.20
A09                     21.94   20.05   15.30   51.89   12.61    3.02    0.36     0.34    0.40      0.36
A10                     23.88   20.19   14.19   52.05   20.66    6.11    0.32     0.30    0.33      0.29
A11                     26.11   20.43   13.11   52.32   28.97    9.47    0.30     0.28    0.33      0.17
A12                     28.33   20.48   12.12   52.37   37.71   12.37    0.29     0.26    0.30      0.13
A13                     68.08   71.79   64.21   87.87   -2.49   -4.87    0.33     0.30    0.20      0.14
A14                     70.20   67.82   62.50   85.92   10.49   -6.59    0.16     0.23    0.17      0.09
A15                     73.08   75.30   55.42   89.53    0.99    6.81    0.20     0.19    0.51      0.07
A16                     61.75   62.39   52.28   83.12    3.75   -0.88    0.45     0.44    0.53      0.24
A17                     68.11   66.55   52.61   85.28    8.76    2.48    0.27     0.34    0.49      0.15
A18                     66.18   70.65   54.76   87.31   -4.27    3.68    0.28     0.24    0.51      0.10
A19                     63.49   63.68   61.86   83.80    4.83   -9.61    0.29     0.34    0.22      0.16
A20                      6.85   11.26   22.55   40.01  -34.31  -33.22    0.09     0.13    0.37      0.30
A21                     13.88    6.80   14.17   31.35   57.92  -29.50    0.24     0.12    0.35      0.52
A22                     24.90   23.22    1.76   55.30   11.10   67.51    0.29     0.31    0.05      0.45
B01                      1.29    1.10    0.62    9.80    7.46    5.16    0.02     0.02    0.02      0.27
B02                      1.62    1.21    0.54   10.61   13.43    8.07    0.04     0.03    0.02      0.30
B03                      2.26    1.50    0.49   12.62   19.78   12.51    0.04     0.03    0.01      0.30
B04                      3.04    1.91    0.57   14.98   24.36   15.01    0.06     0.04    0.02      0.35
B05                      5.52    4.55    2.68   25.41   14.23    7.58    0.10     0.08    0.06      0.26
B06                      5.88    4.21    1.35   24.35   22.92   18.83    0.14     0.10    0.05      0.36
B07                      8.38    4.92    0.79   26.49   38.28   30.71    0.15     0.10    0.02      0.38
B08                     12.92    6.73    0.54   31.19   52.45   43.63    0.13     0.06    0.02      0.29
B09                     21.90   20.27   13.50   52.14   11.33    8.11    0.38     0.37    0.41      0.35
B10                     23.59   20.07   11.26   51.92   19.96   14.14    0.34     0.33    0.34      0.24
B11                     25.53   20.27    9.12   52.14   27.33   21.52    0.36     0.33    0.30      0.17
B12                     27.28   20.35    8.13   52.23   34.14   25.27    0.40     0.33    0.28      0.24
B13                     57.71   64.25   62.79   84.10  -10.09  -10.00    0.34     0.31    0.18      0.13
B14                     63.25   56.46   58.36   79.88   21.19  -12.88    0.30     0.44    0.24      0.11
B15                     70.02   72.86   41.78   88.38   -0.50   20.56    0.29     0.28    0.71      0.08
B16                     45.09   45.40   37.54   73.15    3.81   -0.10    0.41     0.43    0.63      0.28
B17                     58.67   53.53   37.70   78.18   17.71    8.36    0.37     0.44    0.68      0.17
B18                     52.82   60.83   40.80   82.28  -14.54   11.32    0.43     0.38    0.58      0.15
B19                     48.57   47.59   56.99   74.56    7.48  -20.64    0.37     0.40    0.26      0.18
B20                      4.39    7.16   13.70   32.17  -29.03  -26.87    0.09     0.12    0.31      0.35
B21                      8.81    4.63    9.20   25.66   45.57  -24.43    0.16     0.08    0.25      0.61
B22                     14.58   13.75    1.44   43.87    8.28   51.30    0.23     0.24    0.03      0.49
C01                      1.87    1.76    0.98   14.18    4.24    6.35    0.04     0.04    0.03      0.23
C02                      2.04    1.80    0.72   14.42    7.14   11.19    0.05     0.04    0.03      0.25
C03                      2.49    2.03    0.62   15.63   11.49   15.23    0.04     0.03    0.01      0.21
C04                      3.40    2.67    0.67   18.65   14.55   19.58    0.06     0.04    0.02      0.32
C05                     10.83    9.67    4.59   37.24   11.78   15.43    0.14     0.13    0.10      0.25
C06                     12.92   10.34    2.27   38.44   21.24   33.53    0.22     0.20    0.08      0.22
C07                     15.42   11.23    1.07   39.96   30.17   49.53    0.21     0.18    0.03      0.28
C08                     23.88   16.15    1.04   47.18   41.69   62.36    0.21     0.18    0.02      0.33
C09                     27.60   26.66   15.74   58.65    7.73   13.59    0.42     0.43    0.49      0.29
C10                     28.82   26.23   11.26   58.25   14.27   25.06    0.39     0.39    0.31      0.24
C11                     30.57   26.18    8.74   58.21   21.06   33.32    0.33     0.34    0.24      0.13
C12                     32.34   26.50    7.09   58.51   26.23   40.20    0.40     0.39    0.22      0.27
C13                     49.91   58.51   62.91   81.02  -16.73  -15.42    0.38     0.36    0.17      0.13
C14                     58.81   48.87   56.09   75.37   30.20  -18.31    0.39     0.50    0.24      0.09
C15                     69.30   72.32   33.61   88.12   -0.94   31.27    0.28     0.29    0.54      0.26
C16                     34.30   34.57   28.61   65.41    3.37   -0.13    0.41     0.42    0.64      0.33
C17                     52.84   45.28   29.38   73.08   25.21   11.83    0.42     0.47    0.60      0.15
C18                     44.02   54.07   32.93   78.50  -22.34   15.69    0.41     0.40    0.55      0.14
C19                     38.74   36.94   53.52   67.23   10.21  -29.62    0.31     0.36    0.25      0.14
C20                      2.86    4.55    8.12   25.40  -23.64  -20.93    0.06     0.08    0.23      0.38
C21                      5.35    3.08    5.79   20.37   33.90  -19.77    0.11     0.05    0.18      0.60
C22                      8.13    7.85    1.24   33.66    5.20   36.25    0.14     0.14    0.03      0.37
D01                      1.65    1.72    0.92   13.92   -0.12    6.99    0.03     0.03    0.02      0.19
D02                      1.79    1.90    0.76   14.96   -1.11   11.53    0.04     0.04    0.02      0.32
D03                      2.07    2.18    0.72   16.42   -0.76   14.78    0.03     0.04    0.01      0.25
D04                      2.47    2.69    0.79   18.77   -2.60   17.43    0.05     0.06    0.02      0.23
D05                     11.86   12.12    5.98   41.41    1.19   15.59    0.18     0.19    0.15      0.24
D06                     11.50   11.85    2.90   40.98    0.54   32.73    0.20     0.23    0.09      0.28
D07                     12.10   12.98    1.54   42.73   -2.85   48.16    0.22     0.26    0.03      0.53
D08                     16.00   17.86    1.57   49.32   -6.81   59.18    0.20     0.24    0.03      0.35
D09                     33.38   33.87   20.32   64.86    2.57   14.07    0.40     0.42    0.52      0.25
D10                     32.43   32.92   13.57   64.10    2.45   28.53    0.41     0.47    0.39      0.24
D11                     32.96   33.12   10.40   64.26    3.67   38.11    0.39     0.43    0.31      0.17
D12                     33.61   33.55    8.70   64.60    4.46   44.49    0.45     0.49    0.28      0.19
D13                     40.05   49.98   60.64   76.06  -23.73  -21.77    0.30     0.30    0.15      0.09
D14                     52.21   39.52   51.00   69.12   40.63  -23.60    0.28     0.39    0.28      0.11
D15                     67.07   69.77   24.44   86.88   -0.43   44.08    0.23     0.26    0.51      0.25
D16                     22.55   22.70   19.34   54.76    3.03   -1.30    0.33     0.33    0.50      0.36
D17                     44.86   35.28   19.95   65.97   34.14   16.74    0.37     0.38    0.52      0.14
D18                     32.77   44.07   23.45   72.28  -31.58   20.71    0.39     0.40    0.52      0.16
D19                     27.65   25.21   47.13   57.28   13.88  -39.60    0.29     0.33    0.28      0.11
D20                      1.92    2.97    5.08   19.91  -19.16  -17.04    0.04     0.06    0.15      0.31
D21                      3.40    2.15    3.69   16.26   24.84  -15.35    0.08     0.05    0.12      0.50
D22                      4.83    4.74    1.05   25.97    3.46   25.70    0.08     0.08    0.02      0.35
E01                      1.54    1.81    0.95   14.44   -5.41    7.26    0.04     0.05    0.03      0.27
E02                      1.48    1.91    0.82   15.00   -9.32   10.38    0.03     0.04    0.02      0.37
E03                      1.55    2.29    0.82   16.95  -15.73   13.86    0.03     0.05    0.02      0.39
E04                      1.88    2.89    0.93   19.60  -18.77   16.50    0.03     0.06    0.02      0.39
E05                      5.51    6.12    3.43   29.71   -4.51    9.57    0.09     0.10    0.08      0.22
E06                      4.82    6.01    1.94   29.44  -11.64   21.10    0.11     0.14    0.06      0.43
E07                      4.94    7.05    1.32   31.92  -20.80   32.28    0.10     0.15    0.03      0.49
E08                      6.10   10.10    1.49   38.02  -33.65   40.71    0.10     0.16    0.03      0.46
E09                     19.24   20.81   12.48   52.74   -4.14   11.96    0.35     0.38    0.40      0.34
E10                     18.68   21.57   10.30   53.56  -10.52   20.00    0.34     0.39    0.30      0.34
E11                     17.75   21.28    8.64   53.26  -14.08   25.14    0.34     0.40    0.30      0.27
E12                     17.37   21.90    7.45   53.92  -19.00   30.85    0.38     0.47    0.25      0.46
E13                     32.77   43.23   58.51   71.71  -29.12  -27.12    0.35     0.37    0.24      0.11
E14                     46.33   31.82   46.27   63.20   50.25  -28.38    0.21     0.28    0.24      0.15
E15                     65.36   67.45   17.88   85.73    0.71   55.27    0.22     0.25    0.41      0.35
E16                     14.55   14.66   12.74   45.16    2.57   -1.83    0.32     0.33    0.40      0.47
E17                     38.54   27.81   13.26   59.72   41.93   21.82    0.28     0.29    0.37      0.15
E18                     24.61   36.21   16.88   66.68  -39.21   24.72    0.35     0.38    0.45      0.15
E19                     19.87   17.03   41.55   48.29   18.19  -48.27    0.24     0.27    0.32      0.09
E20                      1.28    1.88    2.91   14.85  -14.71  -12.38    0.03     0.05    0.11      0.43
E21                      2.06    1.48    2.36   12.47   15.91  -12.05    0.05     0.04    0.08      0.35
E22                      2.62    2.65    0.87   18.56    1.30   15.75    0.06     0.07    0.03      0.26
F01                      0.60    0.76    0.62    6.88   -5.59    0.10    0.01     0.01    0.01      0.10
F02                      0.68    1.03    0.70    9.27  -12.42    2.83    0.01     0.02    0.02      0.44
F03                      0.74    1.27    0.72   11.04  -17.63    5.49    0.02     0.03    0.02      0.36
F04                      0.87    1.61    0.81   13.27  -21.97    7.66    0.02     0.04    0.03      0.39
F05                      3.04    3.80    2.83   23.00  -10.19    2.27    0.08     0.09    0.08      0.31
F06                      2.22    3.61    2.13   22.34  -23.03    7.00    0.06     0.10    0.08      0.47
F07                      1.99    4.11    1.79   24.02  -35.39   13.18    0.04     0.09    0.05      0.47
F08                      2.56    6.34    1.74   30.26  -50.29   24.51    0.04     0.10    0.04      0.40
F09                     19.04   21.38   16.37   53.36   -7.79    2.96    0.35     0.35    0.39      0.35
F10                     17.76   21.22   14.77   53.18  -13.72    6.58    0.31     0.35    0.42      0.32
F11                     16.90   21.68   14.51   53.69  -20.58    8.12    0.29     0.34    0.38      0.30
F12                     15.77   21.85   13.58   53.87  -27.75   10.86    0.27     0.33    0.35      0.27
F13                     27.15   37.52   55.99   67.66  -32.91  -31.50    0.21     0.24    0.19      0.09
F14                     41.44   26.12   41.80   58.15   57.71  -31.58    0.23     0.24    0.24      0.13
F15                     63.32   64.60   12.65   84.28    2.37   65.85    0.27     0.30    0.37      0.45
F16                      9.47    9.54    8.39   37.00    2.19   -1.96    0.17     0.19    0.24      0.35
F17                     33.70   22.58    8.67   54.64   47.70   27.42    0.23     0.23    0.27      0.24
F18                     18.63   29.88   11.89   61.55  -45.24   28.87    0.28     0.33    0.33      0.10
F19                     14.83   11.79   36.83   40.88   22.68  -54.77    0.20     0.21    0.29      0.08
F20                      0.73    0.93    1.23    8.41   -6.66   -7.11    0.02     0.03    0.05      0.41
F21                      0.98    0.87    1.13    7.84    5.39   -6.71    0.02     0.02    0.04      0.21
F22                      1.06    1.12    0.72    9.98   -0.96    3.67    0.02     0.02    0.01      0.19
G01                      0.88    1.18    1.09   10.43   -9.37   -1.75    0.02     0.04    0.05      0.38
G02                      0.85    1.41    1.14   12.01  -17.31    0.34    0.02     0.03    0.03      0.27
G03                      1.01    1.83    1.48   14.56  -22.32    0.33    0.02     0.04    0.05      0.38
G04                      1.19    2.25    1.93   16.74  -25.67   -0.75    0.03     0.06    0.07      0.45
G05                      3.99    4.89    4.45   26.41   -9.87   -2.45    0.06     0.08    0.12      0.27
G06                      3.12    4.69    4.70   25.83  -20.93   -4.84    0.08     0.12    0.17      0.51
G07                      2.87    5.33    5.31   27.65  -33.15   -4.87    0.07     0.13    0.20      0.44
G08                      3.73    8.74    6.36   35.49  -52.86    3.67    0.07     0.14    0.22      0.30
G09                     18.74   21.31   18.14   53.28   -9.00   -1.23    0.34     0.38    0.51      0.43
G10                     17.60   21.48   19.04   53.47  -15.85   -2.87    0.31     0.36    0.53      0.40
G11                     17.17   22.68   20.25   54.74  -23.63   -3.24    0.30     0.37    0.57      0.41
G12                     16.93   23.40   21.28   55.48  -28.13   -4.05    0.31     0.37    0.54      0.35
G13                     24.06   34.25   54.42   65.16  -35.07  -34.14    0.22     0.27    0.23      0.11
G14                     38.56   22.99   39.18   55.06   62.08  -33.51    0.32     0.31    0.34      0.15
G15                     62.32   63.05   10.19   83.47    3.56   71.91    0.24     0.30    0.30      0.40
G16                      6.96    7.04    6.25   31.90    1.74   -2.04    0.18     0.19    0.24      0.46
G17                     30.93   19.72    6.55   51.51   51.26   30.45    0.25     0.23    0.26      0.30
G18                     15.45   26.28    9.29   58.31  -48.69   31.56    0.17     0.23    0.22      0.12
G19                     12.11    9.05   33.90   36.08   25.90  -58.88    0.15     0.16    0.28      0.13
G20                     10.65    5.63    0.55   28.46   48.25   38.60    0.12     0.06    0.01      0.34
G21                      2.58    6.19    1.48   29.88  -48.31   26.72    0.05     0.12    0.04      0.45
G22                      2.43    1.05   11.47    9.44   36.97  -59.74    0.04     0.01    0.23      0.69
H01                      0.92    1.13    1.38   10.02   -6.15   -6.28    0.02     0.02    0.04      0.27
H02                      0.98    1.31    2.10   11.37   -9.62  -11.64    0.02     0.03    0.08      0.39
H03                      1.15    1.70    2.85   13.84  -14.23  -13.68    0.02     0.04    0.08      0.37
H04                      1.35    2.04    3.70   15.67  -15.91  -16.43    0.04     0.05    0.14      0.46
H05                      4.19    4.83    5.48   26.23   -6.31   -8.15    0.09     0.11    0.16      0.39
H06                      3.81    4.96    7.09   26.62  -13.38  -14.77    0.11     0.15    0.25      0.54
H07                      3.66    5.20    9.94   27.30  -18.69  -24.09    0.11     0.15    0.32      0.54
H08                      5.11    7.81   17.44   33.57  -25.88  -33.65    0.13     0.17    0.48      0.53
H09                     19.10   21.21   21.32   53.18   -6.73   -8.09    0.38     0.41    0.55      0.48
H10                     18.84   21.94   25.14   53.96  -11.43  -13.93    0.38     0.43    0.63      0.52
H11                     18.54   22.07   29.76   54.10  -13.59  -21.48    0.36     0.39    0.64      0.47
H12                     18.92   23.71   35.75   55.79  -18.92  -27.56    0.36     0.43    0.68      0.47
H13                     20.87   30.66   52.29   62.22  -36.94  -36.92    0.23     0.28    0.27      0.11
H14                     35.66   20.03   36.27   51.87   66.34  -35.04    0.23     0.22    0.30      0.12
H15                     60.76   60.82    7.80   82.28    5.04   78.35    0.23     0.30    0.26      0.44
H16                      4.64    4.73    4.35   25.96    0.98   -2.63    0.11     0.13    0.16      0.40
H17                     28.10   16.97    4.53   48.23   54.67   34.76    0.19     0.18    0.16      0.25
H18                     12.12   22.34    7.21   54.39  -52.91   32.61    0.18     0.24    0.17      0.05
H19                      9.64    6.56   30.65   30.79   30.39  -63.09    0.15     0.15    0.32      0.17
H20                      6.86    3.82    0.57   23.07   38.73   28.99    0.10     0.05    0.01      0.42
H21                      1.86    4.22    1.24   24.38  -40.03   20.29    0.03     0.07    0.02      0.45
H22                      1.82    0.95    8.09    8.57   27.29  -49.85    0.05     0.03    0.22      0.77
I01                      1.71    1.77    2.69   14.22    0.23  -11.75    0.04     0.04    0.10      0.43
I02                      1.78    1.73    4.23   13.98    2.79  -22.59    0.05     0.04    0.15      0.56
I03                      1.89    1.87    5.96   14.76    2.27  -30.25    0.05     0.05    0.20      0.58
I04                      2.93    2.38   12.61   17.36   12.28  -49.39    0.07     0.05    0.33      0.58
I05                      6.24    6.20    6.92   29.91    2.85   -8.36    0.12     0.12    0.20      0.37
I06                      6.07    6.08    9.12   29.61    2.26  -17.31    0.16     0.16    0.31      0.55
I07                      6.59    6.27   13.30   30.08    5.76  -29.38    0.17     0.16    0.42      0.61
I08                      7.22    6.40   18.34   30.39   10.73  -41.15    0.16     0.15    0.46      0.54
I09                     20.75   21.11   21.27   53.07    1.91   -8.19    0.40     0.41    0.61      0.51
I10                     21.25   21.34   24.25   53.31    3.23  -13.46    0.45     0.46    0.63      0.55
I11                     21.44   21.48   28.88   53.47    3.48  -21.16    0.38     0.40    0.65      0.51
I12                     20.89   20.83   32.73   52.76    3.87  -28.39    0.40     0.42    0.62      0.46
I13                     18.04   27.27   50.17   59.22  -38.30  -39.73    0.17     0.22    0.26      0.10
I14                     32.30   16.89   32.95   48.12   70.85  -36.72    0.20     0.17    0.27      0.11
I15                     59.45   58.69    5.84   81.12    6.93   84.74    0.21     0.27    0.17      0.37
I16                      2.89    2.97    2.79   19.94    0.35   -2.67    0.07     0.07    0.09      0.30
I17                     25.23   14.38    2.90   44.77   57.86   39.25    0.15     0.13    0.10      0.22
I18                      9.51   18.92    5.25   50.59  -56.01   34.97    0.13     0.21    0.15      0.11
I19                      7.34    4.36   27.11   24.82   35.97  -67.63    0.11     0.10    0.30      0.15
I20                      4.16    2.50    0.56   17.90   29.17   20.25    0.09     0.06    0.02      0.34
I21                      1.37    2.83    1.07   19.34  -31.18   13.92    0.03     0.08    0.03      0.64
I22                      1.25    0.82    5.00    7.39   16.56  -38.20    0.04     0.03    0.18      0.79
J01                      0.83    0.77    1.29    6.99    3.45  -10.34    0.02     0.01    0.04      0.33
J02                      1.12    0.90    2.56    8.09    9.45  -21.32    0.02     0.01    0.09      0.54
J03                      1.38    0.97    4.22    8.75   14.85  -31.53    0.04     0.02    0.16      0.70
J04                      2.07    1.08    8.69    9.62   28.54  -50.26    0.05     0.02    0.24      0.80
J05                      5.08    4.80    5.62   26.17    5.66   -8.97    0.09     0.09    0.14      0.31
J06                      5.42    4.76    7.14   26.03   10.34  -15.99    0.13     0.12    0.25      0.51
J07                      5.99    4.81   10.47   26.19   16.19  -27.73    0.14     0.12    0.36      0.62
J08                      6.98    5.03   15.60   26.82   23.85  -40.95    0.16     0.12    0.43      0.61
J09                     21.42   20.97   21.25   52.91    5.77   -8.41    0.37     0.38    0.53      0.45
J10                     21.73   20.83   23.82   52.76    7.88  -13.61    0.40     0.41    0.66      0.53
J11                     22.89   20.79   27.98   52.72   13.38  -20.98    0.34     0.34    0.62      0.46
J12                     23.31   20.19   30.72   52.05   18.16  -26.55    0.38     0.37    0.65      0.46
J13                     15.23   23.66   47.31   55.74  -38.99  -42.45    0.10     0.13    0.18      0.09
J14                     29.02   14.18   29.50   44.49   74.34  -37.65    0.16     0.13    0.25      0.11
J15                     57.40   55.61    3.99   79.39    9.42   91.63    0.16     0.23    0.11      0.34
J16                      1.45    1.52    1.48   12.73   -0.45   -2.76    0.03     0.04    0.06      0.30
J17                     21.96   11.75    1.52   40.81   60.49   45.12    0.14     0.11    0.06      0.24
J18                      6.61   14.67    3.33   45.18  -59.07   36.89    0.09     0.16    0.08      0.15
J19                      5.44    2.67   23.30   18.69   42.28  -71.41    0.07     0.06    0.26      0.14
J20                      2.68    1.75    0.56   14.09   21.67   13.81    0.05     0.04    0.02      0.23
J21                      1.06    1.98    0.91   15.38  -24.21    9.54    0.02     0.05    0.02      0.58
J22                      0.95    0.73    3.31    6.63    9.59  -29.40    0.03     0.02    0.13      0.88
K01                      2.19    1.76    2.40   14.19   11.42   -9.41    0.07     0.06    0.11      0.42
K02                      2.99    1.98    3.57   15.40   21.72  -16.08    0.07     0.05    0.14      0.54
K03                      3.91    2.27    5.10   16.84   30.21  -22.42    0.08     0.04    0.17      0.60
K04                      5.61    2.91    9.54   19.69   39.85  -35.88    0.13     0.07    0.29      0.71
K05                      6.90    6.08    6.59   29.60   11.03   -7.49    0.12     0.12    0.21      0.35
K06                      7.69    5.90    8.18   29.15   20.58  -14.72    0.16     0.13    0.28      0.47
K07                      9.19    6.19   11.35   29.88   30.63  -24.12    0.23     0.16    0.42      0.67
K08                     10.97    6.40   14.59   30.40   42.28  -32.25    0.23     0.14    0.45      0.61
K09                     22.93   21.19   21.03   53.15   11.69   -7.56    0.42     0.43    0.62      0.49
K10                     23.90   20.38   22.12   52.26   19.84  -11.25    0.45     0.43    0.61      0.48
K11                     26.28   20.42   25.75   52.31   29.74  -17.87    0.36     0.34    0.62      0.38
K12                     27.64   20.14   29.06   51.99   36.63  -24.01    0.47     0.41    0.66      0.38
K13                     12.29   19.50   43.36   51.27  -38.32  -45.40    0.07     0.10    0.18      0.10
K14                     25.69   11.75   26.06   40.82   76.79  -38.22    0.14     0.09    0.24      0.16
K15                     54.46   51.35    2.62   76.89   12.92   96.84    0.14     0.19    0.05      0.24
K16                      0.63    0.69    0.70    6.20   -1.48   -2.54    0.01     0.02    0.02      0.21
K17                     18.77    9.52    0.70   36.96   61.52   50.52    0.13     0.08    0.03      0.17
K18                      4.49   11.05    2.09   39.66  -60.02   37.20    0.06     0.12    0.05      0.20
K19                      4.07    1.56   19.49   13.01   49.11  -73.62    0.04     0.03    0.17      0.19
K20                      1.62    1.18    0.56   10.44   14.19    7.51    0.04     0.03    0.02      0.20
K21                      0.82    1.36    0.80   11.70  -17.42    5.17    0.02     0.04    0.02      0.55
K22                      0.73    0.65    2.07    5.91    3.89  -20.72    0.02     0.02    0.09      0.62
L01                      1.49    1.19    1.08   10.46   10.55   -1.48    0.03     0.02    0.03      0.22
L02                      2.27    1.55    1.50   12.95   18.53   -2.70    0.05     0.03    0.05      0.37
L03                      2.92    1.87    2.02   14.78   23.25   -5.00    0.07     0.04    0.08      0.37
L04                      4.07    2.44    2.66   17.66   28.95   -5.63    0.09     0.05    0.11      0.42
L05                      5.87    4.80    4.67   26.17   14.91   -4.09    0.16     0.13    0.17      0.42
L06                      6.79    4.50    4.67   25.26   28.62   -5.62    0.18     0.12    0.22      0.48
L07                      9.57    5.35    4.84   27.70   43.09   -2.34    0.23     0.13    0.25      0.48
L08                     14.31    7.28    5.67   32.43   55.99    1.62    0.19     0.10    0.26      0.36
L09                     22.89   20.73   17.78   52.65   13.68   -1.53    0.46     0.47    0.59      0.48
L10                     24.77   20.66   18.87   52.57   22.28   -4.07    0.50     0.48    0.73      0.48
L11                     26.96   20.62   19.41   52.53   31.53   -5.29    0.47     0.42    0.63      0.39
L12                     28.96   20.73   19.91   52.65   38.90   -6.12    0.43     0.37    0.66      0.34
L13                     10.99   17.48   40.97   48.85  -37.13  -46.55    0.08     0.10    0.18      0.09
L14                     23.75   10.54   24.06   38.80   77.22  -38.13    0.09     0.05    0.21      0.18
L15                     52.20   48.30    2.12   75.02   15.21   97.91    0.13     0.18    0.03      0.19
L16                      0.36    0.41    0.44    3.66   -1.10   -2.07    0.01     0.01    0.01      0.11
L17                     16.60    8.22    0.44   34.43   60.80   51.01    0.11     0.06    0.02      0.19
L18                      3.45    9.04    1.67   36.06  -59.67   35.23    0.05     0.11    0.04      0.29
L19                      3.48    1.15   17.35   10.19   52.31  -73.77    0.04     0.02    0.17      0.33
L20                      0.87    0.76    0.55    6.82    5.62    1.32    0.02     0.02    0.02      0.18
L21                      0.56    0.74    0.62    6.72   -6.53   -0.07    0.01     0.02    0.02      0.30
L22                      0.55    0.57    1.05    5.11    0.07  -10.35    0.01     0.01    0.04      0.42
Dmin                    76.01   77.57   65.95   90.59    2.46   -1.84    0.19     0.19    0.25      0.08
GS01                    66.31   67.19   56.94   85.60    3.41   -1.56    0.42     0.42    0.59      0.22
GS02                    57.77   58.22   48.80   80.86    4.00   -0.86    0.50     0.52    0.84      0.29
GS03                    50.26   50.69   42.00   76.49    3.73   -0.20    0.52     0.57    0.81      0.34
GS04                    43.30   43.70   36.47   72.03    3.45   -0.57    0.54     0.59    0.78      0.39
GS05                    38.60   38.88   32.51   68.67    3.54   -0.63    0.53     0.54    0.75      0.40
GS06                    33.56   33.85   28.34   64.84    3.27   -0.68    0.58     0.60    0.79      0.48
GS07                    28.35   28.68   24.04   60.49    2.77   -0.69    0.58     0.62    0.81      0.55
GS08                    24.49   24.76   21.13   56.84    2.67   -1.41    0.50     0.53    0.73      0.53
GS09                    21.10   21.25   18.28   53.22    2.92   -1.66    0.44     0.46    0.58      0.51
GS10                    17.01   17.15   15.01   48.44    2.62   -2.19    0.40     0.43    0.58      0.56
GS11                    14.40   14.55   12.72   45.01    2.33   -2.05    0.34     0.37    0.48      0.53
GS12                    11.88   12.02   10.58   41.24    2.08   -2.14    0.28     0.31    0.43      0.51
GS13                     9.65    9.77    8.66   37.42    1.85   -2.20    0.26     0.28    0.39      0.54
GS14                     7.40    7.52    6.72   32.95    1.42   -2.27    0.22     0.24    0.29      0.53
GS15                     5.75    5.86    5.35   29.06    1.07   -2.62    0.16     0.18    0.25      0.50
GS16                     4.34    4.46    4.14   25.14    0.56   -2.80    0.13     0.15    0.18      0.48
GS17                     3.29    3.40    3.21   21.58    0.19   -2.93    0.11     0.12    0.17      0.50
GS18                     2.26    2.35    2.26   17.20   -0.01   -3.01    0.06     0.06    0.08      0.34
GS19                     1.52    1.59    1.56   13.20   -0.50   -2.95    0.03     0.04    0.07      0.33
GS20                     1.03    1.09    1.10    9.71   -0.73   -3.02    0.02     0.03    0.04      0.25
GS21                     0.77    0.83    0.86    7.49   -1.32   -3.17    0.02     0.02    0.03      0.25
GS22                     0.59    0.64    0.67    5.81   -1.41   -2.65    0.02     0.02    0.02      0.21
Dmax                     0.38    0.41    0.46    3.75   -1.01   -2.19    0.02     0.02    0.02      0.20
END_DATA




