IT8.7/1                                                                              
ORIGINATOR           "X-Rite, Inc."
DESCRIPTOR           "IT8.7/1 Reference Data File, 4x5 Fujicolor, ver2.2"
CREATED              "Tuesday, December 7, 2021"
MANUFACTURER         "X-Rite, Inc."
PROD_DATE            "2021:Lot17"
SERIAL               "Batch Average Data"
MATERIAL             "Fuji Fujicolor Product Family"
NUMBER_OF_FIELDS           11
BEGIN_DATA_FORMAT
SAMPLE_ID               XYZ_X   XYZ_Y   XYZ_Z   LAB_L   LAB_A   LAB_B STDEV_X STDEV_Y STDEV_Z  STDEV_DE
END_DATA_FORMAT
NUMBER_OF_SETS 288
#
BEGIN_DATA
#ID                        X       Y       Z       L       A       B     SD_X     SD_Y    SD_Z     SD_dE
A01                      4.31    3.89    3.58   23.28    8.01   -2.51    0.23     0.23    0.12      0.60
A02                      4.56    3.45    2.98   21.73   18.13   -1.00    0.22     0.19    0.16      0.55
A03                      4.68    2.81    2.37   19.26   30.36   -0.44    0.32     0.21    0.11      0.75
A04                      5.09    2.67    2.07   18.65   38.13    1.26    0.21     0.12    0.12      0.59
A05                     18.02   16.18   13.17   47.21   13.40    0.50    0.66     0.63    0.52      0.78
A06                     21.51   16.39   11.92   47.47   29.62    4.53    0.47     0.45    0.57      0.39
A07                     23.48   15.19   10.48   45.89   45.43    6.20    0.80     0.63    0.47      0.54
A08                     24.77   12.99    8.41   42.74   64.63    7.88    0.34     0.23    0.39      0.20
A09                     48.11   45.43   36.79   73.17   12.21    0.96    0.81     0.90    0.66      0.53
A10                     51.42   44.42   34.58   72.51   23.96    2.94    0.47     0.47    0.72      0.27
A11                     55.76   43.71   32.36   72.03   37.13    5.39    0.46     0.56    0.58      0.17
A12                     52.45   39.09   28.43   68.81   42.59    6.03    0.30     0.33    0.65      0.10
A13                     67.74   74.66   67.13   89.23   -9.09   -5.26    0.25     0.27    0.31      0.13
A14                     74.87   72.04   65.99   87.99   11.33   -6.34    0.26     0.33    0.24      0.13
A15                     78.76   82.56   55.26   92.82   -1.67   12.65    0.23     0.23    0.40      0.09
A16                     78.43   81.16   67.52   92.20    0.33   -0.50    0.28     0.26    0.26      0.12
A17                     73.22   71.40   53.30   87.68    9.27    5.87    0.28     0.39    0.44      0.16
A18                     65.64   73.63   53.82   88.75  -11.64    7.16    0.38     0.30    0.47      0.11
A19                     62.86   64.63   65.60   84.29    1.25  -12.35    0.53     0.57    0.29      0.25
A20                     10.91   18.35   37.55   49.92  -42.30  -40.18    0.14     0.23    0.44      0.33
A21                     25.06   10.89   27.84   39.40   80.28  -43.71    0.51     0.25    0.63      0.67
A22                     49.35   50.02    2.11   76.08    3.04   99.80    0.23     0.32    0.03      0.28
B01                      5.94    5.47    4.15   28.02    7.68    2.06    0.26     0.26    0.13      0.68
B02                      6.68    5.40    2.69   27.83   16.34   11.70    0.32     0.29    0.14      0.69
B03                      6.88    4.70    1.21   25.84   26.98   23.25    0.35     0.26    0.04      1.00
B04                      7.34    4.18    0.34   24.23   38.43   35.29    0.32     0.21    0.03      0.86
B05                     18.97   16.91   10.08   48.13   14.32   11.35    0.74     0.71    0.40      0.90
B06                     22.22   16.62    6.63   47.77   31.64   23.65    0.59     0.55    0.35      0.35
B07                     24.93   15.40    3.50   46.16   50.57   37.42    0.71     0.56    0.17      0.46
B08                     23.59   11.32    0.62   40.11   70.85   57.42    0.25     0.15    0.04      0.17
B09                     48.33   46.69   34.45   73.99    9.28    5.68    0.83     0.93    0.78      0.56
B10                     51.32   46.48   29.38   73.86   17.90   13.18    0.48     0.51    0.86      0.19
B11                     53.59   45.28   24.57   73.07   27.15   20.04    0.44     0.54    0.60      0.15
B12                     54.25   43.09   19.61   71.61   35.14   27.19    0.32     0.36    0.62      0.20
B13                     64.51   72.91   68.13   88.40  -12.71   -7.61    0.29     0.29    0.31      0.13
B14                     74.88   69.61   67.06   86.80   16.48   -9.39    0.32     0.37    0.36      0.16
B15                     79.54   84.02   49.48   93.46   -2.88   20.07    0.38     0.39    0.55      0.14
B16                     73.18   75.83   63.05   89.78    0.13   -0.46    0.44     0.42    0.50      0.20
B17                     70.88   67.00   47.49   85.50   13.74    8.65    0.36     0.42    0.56      0.16
B18                     59.83   69.73   47.19   86.86  -16.92   11.35    0.37     0.34    0.59      0.13
B19                     56.83   58.03   65.48   80.75    2.15  -18.34    0.73     0.71    0.35      0.29
B20                      9.51   15.33   29.67   46.08  -36.56  -35.17    0.17     0.27    0.59      0.49
B21                     19.40    8.74   21.62   35.48   71.05  -39.19    0.52     0.26    0.72      0.88
B22                     37.17   38.10    1.89   68.09    1.42   88.21    0.28     0.37    0.02      0.47
C01                      7.58    7.68    5.21   33.31    1.61    5.37    0.32     0.34    0.16      0.80
C02                      8.03    7.77    3.27   33.48    5.00   17.17    0.36     0.38    0.16      0.85
C03                      8.26    7.61    1.17   33.15    8.49   36.39    0.42     0.39    0.05      1.17
C04                      9.98    8.70    0.82   35.39   13.20   45.55    0.37     0.38    0.04      0.90
C05                     30.82   30.53   17.28   62.10    5.19   15.91    1.11     1.14    0.75      0.96
C06                     31.30   29.23   10.43   60.98   11.82   32.36    0.57     0.67    0.51      0.33
C07                     33.19   29.61    5.66   61.31   17.17   51.44    0.86     0.86    0.22      0.73
C08                     35.19   29.51    1.34   61.23   24.43   82.56    0.48     0.57    0.04      0.52
C09                     54.26   54.25   34.01   78.60    5.02   14.28    0.75     0.81    0.74      0.45
C10                     55.64   53.28   23.51   78.04   10.93   30.55    0.43     0.52    0.81      0.19
C11                     58.06   53.25   16.25   78.02   16.97   45.76    0.35     0.49    0.48      0.28
C12                     57.76   51.67    9.76   77.08   20.27   62.34    0.37     0.52    0.33      0.33
C13                     58.28   68.11   66.83   86.06  -17.17  -10.45    0.61     0.64    0.54      0.29
C14                     71.47   64.10   65.37   84.02   21.39  -12.61    0.22     0.34    0.22      0.09
C15                     76.64   81.18   42.42   92.21   -3.28   26.37    0.20     0.19    0.55      0.13
C16                     69.23   71.75   60.07   87.85    0.10   -0.87    0.24     0.22    0.34      0.11
C17                     65.36   59.73   40.05   81.69   18.14   11.27    0.35     0.48    0.66      0.16
C18                     53.70   65.32   42.22   84.65  -22.46   13.57    0.26     0.22    0.61      0.16
C19                     47.75   48.36   62.21   75.05    3.13  -25.05    0.77     0.81    0.37      0.30
C20                      6.99   10.82   20.09   39.28  -29.78  -29.56    0.16     0.26    0.61      0.70
C21                     13.18    6.18   14.67   29.85   59.89  -33.40    0.28     0.16    0.37      0.53
C22                     24.73   25.63    1.59   57.68    0.11   73.44    0.30     0.38    0.02      0.62
D01                      7.38    7.93    5.87   33.83   -2.52    3.05    0.38     0.42    0.22      0.93
D02                      7.21    7.98    4.02   33.93   -4.60   13.06    0.36     0.42    0.20      0.97
D03                      7.22    8.14    2.40   34.26   -5.95   25.13    0.42     0.45    0.10      1.19
D04                      7.49    8.45    0.99   34.90   -6.06   41.93    0.33     0.40    0.05      1.06
D05                     34.50   36.56   22.50   66.93   -2.54   13.32    1.19     1.22    0.89      0.89
D06                     34.04   36.43   15.91   66.84   -3.74   27.32    0.73     0.83    0.75      0.43
D07                     33.39   36.35   10.41   66.78   -5.73   42.44    0.88     0.90    0.39      0.63
D08                     32.98   36.72    6.08   67.06   -8.36   59.38    0.50     0.61    0.22      0.40
D09                     59.57   62.56   36.08   83.21   -1.79   19.26    0.65     0.64    0.68      0.32
D10                     58.30   62.25   22.04   83.05   -4.12   41.99    0.45     0.52    0.81      0.33
D11                     57.09   61.89   12.64   82.86   -6.25   63.44    0.43     0.42    0.29      0.31
D12                     55.60   60.72    4.27   82.23   -7.23   94.82    0.23     0.30    0.08      0.21
D13                     56.00   67.50   68.85   85.76  -21.44  -12.84    0.51     0.45    0.35      0.14
D14                     71.40   61.24   67.04   82.51   27.75  -16.78    0.26     0.39    0.24      0.12
D15                     78.57   83.75   37.77   93.34   -4.28   34.40    0.31     0.34    0.65      0.31
D16                     68.28   70.73   59.65   87.35    0.17   -1.30    0.27     0.22    0.39      0.11
D17                     63.28   55.38   34.24   79.26   23.91   15.08    0.45     0.55    0.73      0.17
D18                     48.63   62.02   36.96   82.93  -28.40   17.55    0.24     0.22    0.78      0.16
D19                     41.58   41.37   61.02   70.43    5.18  -31.83    0.84     0.86    0.47      0.30
D20                      5.01    7.40   12.99   32.70  -23.42  -24.01    0.12     0.19    0.48      0.74
D21                      8.55    4.35    9.73   24.78   47.14  -27.74    0.34     0.19    0.43      0.91
D22                     15.42   16.15    1.44   47.16   -0.87   56.98    0.19     0.28    0.02      0.66
E01                      6.73    7.81    5.38   33.57   -7.83    4.97    0.35     0.40    0.21      0.92
E02                      5.98    7.75    3.24   33.43  -15.26   17.30    0.29     0.38    0.16      0.99
E03                      5.71    8.04    1.21   34.05  -20.85   37.39    0.34     0.40    0.04      1.07
E04                      5.90    9.02    1.14   36.01  -27.17   41.76    0.24     0.35    0.04      1.04
E05                     17.88   21.37   11.97   53.34  -13.84   14.49    0.88     0.93    0.54      0.93
E06                     15.79   21.27    7.02   53.23  -24.87   31.42    0.42     0.54    0.33      0.52
E07                     14.28   21.22    1.86   53.18  -33.69   62.77    0.54     0.57    0.05      0.57
E08                     13.93   22.46    1.87   54.51  -41.58   65.01    0.25     0.37    0.04      0.53
E09                     43.52   48.33   32.15   75.03   -8.84   10.89    0.89     0.85    0.75      0.50
E10                     40.67   47.49   24.15   74.50  -15.13   23.27    0.32     0.34    0.75      0.16
E11                     37.69   46.97   17.61   74.17  -23.09   35.97    0.59     0.53    0.42      0.30
E12                     34.83   46.25   12.73   73.71  -30.59   47.41    0.30     0.27    0.36      0.33
E13                     47.89   60.07   64.85   81.88  -25.91  -15.81    0.46     0.40    0.18      0.10
E14                     65.72   53.81   63.12   78.35   33.34  -20.23    0.19     0.33    0.13      0.10
E15                     74.57   79.85   31.35   91.62   -4.92   40.69    0.31     0.33    0.54      0.41
E16                     62.98   64.91   54.66   84.44    0.90   -1.17    0.45     0.43    0.52      0.22
E17                     58.11   48.82   26.90   75.34   28.64   19.85    0.43     0.56    0.70      0.14
E18                     40.90   54.98   29.41   79.03  -33.93   22.05    0.25     0.23    0.69      0.25
E19                     34.15   33.37   56.54   64.46    6.96  -37.59    0.69     0.73    0.44      0.20
E20                      3.11    4.33    7.41   24.74  -16.52  -19.32    0.09     0.14    0.31      0.70
E21                      4.77    2.67    5.59   18.64   34.13  -21.79    0.24     0.15    0.31      0.92
E22                      8.24    8.62    1.09   35.25   -0.62   41.11    0.18     0.23    0.03      0.75
F01                      2.66    3.79    3.34   22.94  -16.87   -1.55    0.16     0.22    0.13      0.79
F02                      1.79    3.57    2.83   22.19  -32.38    0.88    0.10     0.19    0.14      0.98
F03                      1.42    3.68    2.15   22.58  -43.77    7.21    0.09     0.19    0.08      0.75
F04                      1.72    4.48    2.35   25.20  -46.99    9.96    0.09     0.22    0.11      1.02
F05                     10.76   14.26   11.23   44.58  -20.52    1.61    0.66     0.76    0.51      0.89
F06                      8.02   13.73    8.98   43.83  -39.69    7.70    0.31     0.46    0.43      0.74
F07                      4.76   11.89    7.56   41.04  -62.54    8.18    0.21     0.40    0.26      0.42
F08                      4.44   12.40    6.80   41.85  -70.19   12.71    0.10     0.22    0.25      0.29
F09                     42.13   48.76   38.70   75.30  -14.15    2.03    1.11     1.05    0.72      0.56
F10                     37.54   47.94   34.92   74.78  -26.21    6.38    0.39     0.40    0.77      0.21
F11                     32.18   45.98   31.54   73.53  -39.12    9.23    0.74     0.70    0.56      0.14
F12                     28.17   44.30   27.43   72.43  -49.39   13.93    0.23     0.25    0.67      0.24
F13                     44.21   57.59   65.60   80.51  -30.47  -18.87    0.70     0.64    0.35      0.11
F14                     64.59   50.05   62.82   76.10   40.50  -23.83    0.45     0.58    0.35      0.16
F15                     76.42   81.80   26.74   92.49   -4.90   49.68    0.29     0.32    0.63      0.42
F16                     48.08   49.69   42.49   75.88    0.46   -1.88    0.44     0.47    0.70      0.29
F17                     56.59   45.77   22.67   73.39   33.31   24.12    0.53     0.66    0.75      0.22
F18                     36.22   51.36   24.68   76.90  -39.67   26.42    0.27     0.29    0.70      0.38
F19                     29.05   27.65   55.28   59.56    9.48  -44.71    0.76     0.79    0.52      0.14
F20                      1.55    2.16    3.62   16.28  -13.01  -14.89    0.05     0.08    0.15      0.58
F21                      2.17    1.37    2.87   11.71   21.67  -17.47    0.13     0.09    0.16      0.65
F22                      4.01    4.25    0.85   24.48   -1.23   26.33    0.10     0.13    0.03      0.62
G01                      4.51    5.52    5.90   28.15  -10.26   -6.89    0.25     0.30    0.23      0.72
G02                      3.61    5.25    6.12   27.44  -20.05   -9.10    0.18     0.26    0.28      0.78
G03                      2.90    5.11    6.54   27.03  -30.01  -11.69    0.17     0.27    0.24      0.63
G04                      2.21    4.65    6.83   25.71  -37.77  -15.23    0.10     0.21    0.34      0.78
G05                     12.78   15.92   15.42   46.86  -16.09   -5.94    0.70     0.76    0.64      0.80
G06                     11.02   16.28   16.56   47.33  -30.37   -7.87    0.39     0.48    0.72      0.61
G07                      8.10   15.19   17.36   45.88  -47.84  -12.24    0.38     0.56    0.58      0.43
G08                      6.07   13.57   18.00   43.60  -58.01  -17.60    0.15     0.24    0.64      0.26
G09                     40.17   46.09   41.42   73.60  -12.80   -4.46    1.05     0.96    0.63      0.49
G10                     35.60   45.00   42.43   72.89  -24.46   -6.96    0.34     0.36    0.69      0.24
G11                     30.88   43.72   43.20   72.04  -37.43   -9.39    0.67     0.64    0.47      0.12
G12                     26.25   41.19   42.55   70.31  -47.95  -11.56    0.28     0.31    0.58      0.11
G13                     37.82   51.32   62.56   76.87  -34.32  -22.24    0.58     0.53    0.24      0.09
G14                     59.42   43.60   58.51   71.96   46.34  -26.68    0.24     0.38    0.18      0.24
G15                     72.87   78.22   20.57   90.88   -5.26   58.42    0.22     0.24    0.55      0.44
G16                     37.73   39.19   33.31   68.89   -0.20   -1.44    0.42     0.46    0.80      0.35
G17                     50.72   38.48   16.73   68.37   39.96   27.99    0.54     0.66    0.71      0.22
G18                     29.95   45.05   19.32   72.92  -44.69   30.07    0.27     0.29    0.66      0.32
G19                     23.60   21.70   51.59   53.70   12.32  -50.83    0.58     0.67    0.44      0.13
G20                     19.68    9.83    0.30   37.54   63.62   58.98    0.23     0.13    0.01      0.36
G21                      5.21   12.51    1.74   42.01  -61.02   44.74    0.15     0.30    0.04      0.60
G22                      4.34    1.30   20.16   11.26   60.33  -78.02    0.04     0.02    0.15      0.44
H01                      4.86    5.68    6.88   28.58   -7.52  -10.49    0.23     0.28    0.26      0.60
H02                      4.27    5.41    8.03   27.87  -12.27  -16.34    0.24     0.30    0.41      0.78
H03                      3.42    4.98    9.37   26.65  -19.65  -23.29    0.18     0.26    0.33      0.54
H04                      2.75    4.52   10.81   25.30  -25.29  -30.35    0.14     0.23    0.55      0.90
H05                     14.36   16.46   18.78   47.55   -8.97  -12.51    0.77     0.80    0.72      0.84
H06                     13.28   16.44   22.55   47.53  -15.65  -20.22    0.50     0.57    0.88      0.81
H07                     11.50   15.86   27.23   46.77  -24.53  -29.97    0.55     0.68    0.73      0.53
H08                      9.30   14.68   31.69   45.19  -34.51  -39.86    0.22     0.33    0.65      0.48
H09                     42.83   46.99   46.11   74.18   -7.24   -9.24    1.13     1.07    0.57      0.56
H10                     40.78   46.65   52.41   73.97  -12.50  -16.80    0.38     0.38    0.49      0.25
H11                     37.01   44.72   56.47   72.71  -19.00  -23.31    0.71     0.69    0.32      0.18
H12                     34.77   44.56   63.08   72.60  -26.03  -30.10    0.37     0.33    0.38      0.16
H13                     35.14   49.43   63.30   75.72  -38.19  -24.95    0.58     0.55    0.28      0.11
H14                     57.87   39.70   58.78   69.26   54.28  -31.62    0.24     0.37    0.14      0.28
H15                     73.88   78.84   16.77   91.16   -4.38   67.19    0.34     0.41    0.46      0.46
H16                     30.24   31.27   27.15   62.73    0.33   -2.32    0.28     0.30    0.74      0.28
H17                     48.64   34.63   12.66   65.46   46.90   33.38    0.38     0.48    0.48      0.33
H18                     26.20   42.00   16.17   70.87  -50.61   33.62    0.22     0.24    0.49      0.38
H19                     19.46   16.81   49.54   48.02   17.34  -58.35    0.49     0.54    0.49      0.20
H20                     15.27    8.01    0.34   34.00   54.99   52.13    0.26     0.15    0.01      0.51
H21                      4.35   10.15    1.55   38.10  -55.24   40.09    0.16     0.34    0.05      0.88
H22                      4.17    1.45   17.17   12.27   53.58  -69.77    0.06     0.03    0.26      0.68
I01                      7.36    7.51   10.72   32.92    1.20  -16.94    0.32     0.32    0.34      0.55
I02                      7.17    7.28   14.92   32.42    1.52  -29.59    0.31     0.31    0.56      0.70
I03                      6.51    6.59   20.41   30.83    1.73  -44.79    0.30     0.32    0.54      0.53
I04                      5.15    5.33   24.86   27.64    0.19  -58.83    0.13     0.18    0.51      0.38
I05                     18.36   18.93   24.55   50.60    0.58  -18.68    0.44     0.43    0.68      0.58
I06                     19.06   19.18   32.28   50.89    2.93  -30.93    0.50     0.52    0.75      0.56
I07                     18.49   18.43   40.70   50.01    3.74  -44.21    0.74     0.76    0.60      0.21
I08                     16.98   17.16   47.87   48.45    2.44  -55.67    0.31     0.42    0.41      0.11
I09                     44.01   45.24   46.01   73.05    1.11  -11.08    1.08     1.05    0.53      0.58
I10                     44.02   44.71   52.09   72.70    2.68  -18.64    0.24     0.26    0.31      0.16
I11                     42.61   42.98   57.57   71.54    3.53  -26.46    0.73     0.73    0.26      0.24
I12                     41.22   41.15   60.30   70.28    4.77  -31.39    0.29     0.21    0.23      0.13
I13                     29.35   43.18   59.74   71.68  -41.60  -28.41    0.53     0.56    0.25      0.10
I14                     52.33   33.06   53.36   64.21   62.12  -34.66    0.29     0.36    0.24      0.30
I15                     70.28   74.77   12.22   89.28   -3.83   75.73    0.37     0.43    0.36      0.43
I16                     18.76   19.62   16.90   51.41   -0.80   -1.67    0.24     0.27    0.54      0.34
I17                     43.45   29.13    8.35   60.90   51.88   39.42    0.42     0.48    0.37      0.41
I18                     20.34   35.18   11.69   65.89  -55.31   36.93    0.19     0.23    0.37      0.33
I19                     14.81   11.82   44.35   40.93   22.40  -64.45    0.37     0.41    0.42      0.41
I20                     10.77    5.98    0.39   29.37   45.21   43.28    0.18     0.12    0.01      0.42
I21                      3.55    7.59    1.40   33.12  -45.47   33.36    0.16     0.32    0.06      1.02
I22                      3.21    1.25   11.66   10.89   45.02  -57.82    0.06     0.03    0.27      0.92
J01                      4.11    3.66    6.77   22.50    8.72  -20.50    0.22     0.22    0.27      0.57
J02                      4.59    3.37   10.34   21.44   19.82  -35.50    0.23     0.18    0.45      0.75
J03                      5.08    3.10   15.34   20.42   30.44  -51.34    0.27     0.21    0.50      0.62
J04                      5.08    2.69   21.27   18.75   37.62  -67.35    0.17     0.12    0.56      0.50
J05                     17.38   16.30   22.38   47.35    9.31  -20.22    0.83     0.76    0.70      0.78
J06                     19.32   16.17   31.33   47.19   20.18  -35.87    0.57     0.50    0.78      0.66
J07                     20.21   15.36   40.40   46.11   29.22  -50.54    0.78     0.67    0.61      0.28
J08                     20.46   14.31   47.80   44.67   36.69  -62.12    0.35     0.37    0.36      0.45
J09                     47.59   46.88   48.72   74.11    6.72  -12.42    0.94     0.93    0.51      0.50
J10                     48.64   45.41   55.86   73.16   13.71  -21.88    0.43     0.41    0.43      0.25
J11                     49.05   43.57   62.42   71.94   20.10  -30.61    0.66     0.65    0.29      0.18
J12                     47.23   40.39   61.26   69.75   24.52  -33.25    0.37     0.25    0.23      0.25
J13                     25.81   39.86   59.71   69.37  -45.74  -32.36    0.49     0.57    0.39      0.18
J14                     51.27   29.75   53.18   61.43   71.31  -39.24    0.28     0.34    0.26      0.36
J15                     70.78   74.84    8.74   89.32   -2.92   86.97    0.24     0.28    0.21      0.39
J16                     11.46   12.06   10.77   41.30   -1.19   -2.63    0.15     0.18    0.36      0.31
J17                     41.12   25.50    5.70   57.56   59.29   44.79    0.39     0.43    0.25      0.45
J18                     16.41   31.08    8.99   62.58  -61.60   39.95    0.18     0.23    0.24      0.35
J19                     11.80    8.26   41.34   34.51   30.50  -71.75    0.33     0.33    0.51      0.39
J20                      7.43    4.52    0.45   25.33   34.64   35.19    0.15     0.11    0.02      0.48
J21                      2.64    5.36    1.31   27.72  -37.73   25.11    0.14     0.26    0.06      1.02
J22                      2.56    1.12    8.22    9.92   37.49  -48.03    0.05     0.02    0.22      0.99
K01                      8.22    7.48    8.59   32.85    9.40   -9.83    0.38     0.36    0.32      0.66
K02                      9.21    7.32   10.18   32.52   19.33  -15.89    0.39     0.33    0.46      0.79
K03                     10.19    7.05   11.94   31.89   29.92  -22.40    0.55     0.41    0.46      0.73
K04                     10.76    6.31   13.40   30.18   41.61  -29.47    0.42     0.27    0.61      0.95
K05                     22.13   19.73   22.35   51.52   15.04  -12.96    0.92     0.84    0.81      0.89
K06                     25.71   19.53   27.82   51.30   31.75  -23.16    0.57     0.49    0.77      0.62
K07                     28.47   18.71   33.57   50.33   47.01  -33.81    0.88     0.69    0.67      0.38
K08                     31.60   17.82   38.37   49.27   63.39  -42.40    0.40     0.33    0.40      0.36
K09                     48.86   45.07   46.03   72.94   15.27  -11.30    0.87     0.90    0.50      0.46
K10                     52.84   43.46   53.17   71.86   30.45  -21.26    0.29     0.32    0.36      0.18
K11                     56.56   41.53   58.70   70.55   45.49  -29.31    0.39     0.49    0.25      0.15
K12                     56.53   38.16   56.69   68.14   55.81  -31.41    0.25     0.32    0.20      0.19
K13                     20.83   33.80   53.97   64.81  -48.32  -34.28    0.35     0.45    0.19      0.07
K14                     44.33   23.06   46.42   55.13   79.30  -42.46    0.26     0.26    0.26      0.25
K15                     68.85   71.79    5.60   87.87   -0.80   97.53    0.23     0.28    0.15      0.38
K16                      5.46    5.82    5.75   28.95   -1.79   -4.80    0.10     0.13    0.22      0.38
K17                     36.03   20.70    2.91   52.62   64.36   52.73    0.40     0.38    0.17      0.46
K18                     11.99   24.91    5.71   56.99  -65.02   43.76    0.12     0.15    0.15      0.19
K19                      8.35    4.77   35.40   26.06   39.92  -78.32    0.21     0.20    0.45      0.52
K20                      4.47    2.99    0.41   20.01   24.45   26.81    0.09     0.08    0.02      0.33
K21                      1.81    3.38    1.02   21.48  -28.64   18.45    0.10     0.19    0.05      0.97
K22                      1.83    0.90    5.05    8.17   29.18  -37.16    0.03     0.02    0.16      0.90
L01                      6.09    5.75    5.85   28.75    6.09   -5.59    0.35     0.34    0.25      0.75
L02                      6.74    5.54    6.07   28.19   15.38   -7.57    0.37     0.33    0.34      0.83
L03                      7.32    5.22    6.25   27.33   24.86   -9.91    0.47     0.36    0.31      0.77
L04                      7.73    4.66    6.38   25.74   35.67  -13.22    0.37     0.25    0.39      0.87
L05                     18.51   16.81   15.91   48.00   12.48   -5.16    0.84     0.76    0.66      0.96
L06                     21.25   16.70   16.95   47.88   26.65   -7.84    0.66     0.55    0.75      0.78
L07                     23.64   16.24   17.44   47.28   40.16  -10.02    0.88     0.67    0.67      0.75
L08                     26.29   15.37   19.14   46.13   56.39  -15.75    0.51     0.35    0.73      0.63
L09                     51.27   46.98   42.88   74.17   16.38   -5.31    0.88     0.90    0.60      0.50
L10                     56.00   45.89   45.09   73.47   31.50   -9.24    0.23     0.22    0.44      0.17
L11                     58.66   42.90   45.81   71.49   46.58  -13.54    0.40     0.51    0.44      0.18
L12                     56.88   39.58   46.81   69.17   52.25  -18.72    0.26     0.28    0.44      0.24
L13                     13.80   23.94   50.08   56.02  -48.89  -45.15    0.23     0.38    0.35      0.22
L14                     32.35   13.63   35.16   43.70   90.12  -47.56    0.18     0.10    0.22      0.15
L15                     66.76   66.73    2.45   85.37    5.40  112.81    0.33     0.39    0.04      0.15
L16                      1.03    1.24    1.38   10.87   -5.87   -4.83    0.03     0.04    0.05      0.40
L17                     25.57   12.31    0.29   41.70   72.50   66.47    0.38     0.22    0.02      0.34
L18                      5.78   14.77    2.07   45.32  -68.66   47.14    0.07     0.11    0.03      0.19
L19                      4.54    1.25   23.32   10.90   64.58  -84.86    0.11     0.06    0.44      0.32
L20                      2.33    1.68    0.41   13.68   16.61   15.91    0.06     0.05    0.01      0.41
L21                      1.06    1.89    0.81   14.89  -22.07   10.46    0.07     0.12    0.04      0.84
L22                      1.18    0.67    2.99    6.03   20.11  -28.19    0.02     0.02    0.09      0.73
Dmin                    88.39   91.38   75.02   96.57    0.52    0.33    0.36     0.37    0.36      0.15
GS01                    61.72   63.56   53.87   83.74    1.01   -1.53    0.56     0.56    0.38      0.29
GS02                    55.18   56.99   48.59   80.17    0.59   -1.82    0.77     0.81    0.62      0.45
GS03                    50.10   51.83   44.49   77.18    0.33   -2.12    0.99     0.97    0.62      0.57
GS04                    44.78   46.62   39.63   73.94   -0.48   -1.54    0.90     0.95    0.90      0.62
GS05                    40.68   42.31   36.14   71.08   -0.37   -1.73    1.07     1.04    0.71      0.69
GS06                    36.08   37.50   32.10   67.65   -0.27   -1.76    0.79     0.79    0.95      0.60
GS07                    31.15   32.48   28.10   63.73   -0.64   -2.18    1.02     0.99    0.77      0.79
GS08                    27.37   28.43   25.03   60.27   -0.16   -2.87    0.58     0.61    0.84      0.58
GS09                    23.83   24.86   22.26   56.93   -0.60   -3.47    0.92     0.88    0.67      0.83
GS10                    20.79   21.77   18.91   53.78   -0.96   -2.06    0.31     0.29    0.62      0.34
GS11                    17.45   18.34   16.34   49.90   -1.28   -2.93    0.70     0.68    0.49      0.77
GS12                    15.11   15.88   14.14   46.82   -1.23   -2.75    0.24     0.20    0.53      0.32
GS13                    12.14   12.74   12.08   42.36   -1.04   -4.76    0.56     0.55    0.43      0.78
GS14                    10.55   11.16   10.24   39.84   -1.53   -3.46    0.15     0.15    0.39      0.33
GS15                     8.02    8.46    8.32   34.91   -1.24   -5.28    0.45     0.46    0.34      0.83
GS16                     6.42    6.76    6.76   31.25   -1.05   -5.37    0.13     0.12    0.26      0.38
GS17                     4.63    4.99    5.20   26.70   -2.43   -5.96    0.29     0.32    0.27      0.81
GS18                     3.47    3.78    3.92   22.91   -2.59   -5.33    0.07     0.08    0.17      0.41
GS19                     2.18    2.47    2.95   17.77   -4.28   -7.63    0.14     0.16    0.16      0.63
GS20                     1.83    2.15    2.46   16.27   -5.70   -6.37    0.04     0.05    0.10      0.42
GS21                     1.24    1.47    1.75   12.42   -5.51   -6.35    0.08     0.10    0.10      0.57
GS22                     0.63    0.84    1.01    7.60   -7.19   -5.33    0.01     0.02    0.03      0.38
Dmax                     0.18    0.19    0.27    1.74   -0.30   -2.02    0.01     0.01    0.01      0.10
END_DATA
