IT8.7/1                                                                                       
ORIGINATOR           "X-Rite,  Inc."                                                          
DESCRIPTOR           "IT8.7/1  Reference Data File, 4x5 Ektachrome"                           
CREATED              "Wednesd ay, November 26, 2008"                                          
MANUFACTURER         "X-Rite,  Inc."                                                          
PROD_DATE            "2008:11 "                                                               
SERIAL               "Batch A verage Data"                                                    
MATERIAL             "Kodak E ktachrome Product Family"                                       
NUMBER_OF_FIELDS            11                                                                
BEGIN_DATA_FORMAT                                                                             
SAMPLE_ID                XYZ_X   XYZ_Y   XYZ_Z   LAB_L   LAB_A   LAB_B STDEV_X STDEV_Y STDEV_Z  STDEV_DE
END_DATA_FORMAT                                                                               
NUMBER_OF_SETS 288                                                                            
#                                                                                             
BEGIN_DATA                                                                                    
#ID                         X       Y       Z       L       A       B     SD_X    SD_Y    SD_Z     SD_dE
A01                       2.08    1.73    1.08   13.97   10.05    4.55    0.12    0.09    0.06      0.38
A02                       2.59    1.67    0.83   13.65   21.81    8.03    0.15    0.09    0.05      0.43
A03                       3.21    1.74    0.70   14.05   31.23   10.99    0.20    0.10    0.05      0.51
A04                       3.80    1.90    0.65   14.97   36.54   13.48    0.22    0.11    0.05      0.51
A05                       9.32    7.67    5.41   33.27   16.97    4.33    0.51    0.38    0.32      0.43
A06                      10.88    7.24    4.14   32.33   33.21    9.61    0.62    0.38    0.25      0.56
A07                      14.29    8.00    3.63   33.97   49.11   15.61    0.79    0.41    0.22      0.57
A08                      15.74    7.99    3.13   33.97   57.88   19.01    0.26    0.16    0.19      0.51
A09                      28.62   27.15   22.19   59.08    9.76    0.43    1.77    1.59    1.48      0.71
A10                      31.44   27.35   20.85   59.27   19.57    3.40    1.80    1.49    1.33      0.73
A11                      34.00   27.75   19.82   59.65   27.10    6.16    1.55    1.27    1.26      0.62
A12                      34.75   27.31   18.28   59.25   31.45    8.78    1.10    1.00    1.08      0.65
A13                      63.41   67.97   53.85   85.99   -4.82    2.38    1.67    1.63    1.33      0.47
A14                      65.90   66.38   52.10   85.18    4.27    2.90    1.51    1.67    1.43      0.52
A15                      66.32   69.35   50.48   86.67   -1.22    7.27    1.48    1.51    1.58      0.56
A16                      61.81   64.80   51.21   84.37   -1.55    2.48    1.59    1.62    1.39      0.55
A17                      65.90   66.70   50.70   85.35    3.57    4.74    1.36    1.46    1.41      0.54
A18                      63.01   67.74   52.18   85.87   -5.24    4.00    1.46    1.42    1.36      0.56
A19                      62.16   64.92   52.80   84.43   -1.01    0.84    1.68    1.72    1.46      0.54
A20                      19.05   28.73   46.92   60.54  -38.74  -33.72    0.49    0.79    0.89      0.52
A21                      16.92    8.08   12.33   34.15   63.79  -19.63    0.33    0.19    0.52      0.63
A22                      50.59   48.46    3.01   75.11   10.56   90.74    0.83    1.04    0.09      0.60
B01                       3.16    2.68    1.34   18.71   10.32    9.23    0.17    0.13    0.07      0.38
B02                       3.60    2.57    0.78   18.23   19.59   16.70    0.19    0.12    0.04      0.45
B03                       4.08    2.52    0.45   18.00   27.57   22.47    0.23    0.13    0.02      0.58
B04                       4.53    2.51    0.24   17.95   34.06   26.39    0.25    0.13    0.02      0.65
B05                      12.31   10.78    5.60   39.19   13.78   13.59    0.63    0.50    0.33      0.48
B06                      14.32   10.54    3.26   38.77   28.61   26.34    0.81    0.55    0.20      0.66
B07                      17.46   10.90    1.85   39.40   44.02   39.14    0.88    0.52    0.10      0.67
B08                      18.75   10.52    1.13   38.76   53.62   46.52    0.29    0.22    0.06      0.23
B09                      35.51   34.62   26.31   65.43    7.30    3.82    2.12    2.00    1.74      0.81
B10                      37.17   34.33   22.41   65.20   13.78   10.55    2.01    1.85    1.42      0.72
B11                      39.65   34.95   19.69   65.69   19.62   16.85    1.65    1.56    1.23      0.63
B12                      40.60   34.86   17.39   65.63   22.90   21.76    1.09    1.18    0.99      0.63
B13                      57.86   62.70   51.65   83.28   -6.23    0.11    1.80    1.80    1.38      0.60
B14                      59.89   59.83   49.97   81.73    5.30   -0.67    1.81    1.92    1.44      0.64
B15                      61.54   64.72   48.44   84.33   -2.01    5.56    1.66    1.66    1.62      0.64
B16                      55.31   57.40   47.17   80.40   -0.08    0.23    1.74    1.76    1.43      0.59
B17                      59.27   59.64   47.19   81.64    4.25    2.36    1.51    1.56    1.42      0.53
B18                      57.38   62.50   48.60   83.17   -6.94    3.36    1.55    1.53    1.41      0.61
B19                      56.40   58.62   50.49   81.07   -0.29   -2.41    1.72    1.75    1.37      0.56
B20                      15.44   22.93   40.35   54.98  -34.52  -35.16    0.61    1.01    1.30      0.72
B21                      12.02    5.82    9.67   28.96   55.98  -20.35    0.53    0.24    0.44      0.74
B22                      34.64   31.67    2.21   63.06   14.61   76.47    1.55    1.38    0.07      1.06
C01                       6.39    6.06    2.97   29.56    5.92   12.54    0.33    0.29    0.16      0.44
C02                       6.63    5.79    1.64   28.87   11.35   23.16    0.35    0.28    0.08      0.41
C03                       6.85    5.67    0.92   28.56   14.98   32.22    0.36    0.27    0.04      0.52
C04                       7.07    5.63    0.64   28.45   17.66   36.90    0.37    0.26    0.03      0.65
C05                      24.29   23.16   10.88   55.22    8.69   21.04    1.35    1.20    0.60      0.65
C06                      27.02   23.64    5.26   55.70   18.01   43.74    1.56    1.29    0.31      0.77
C07                      30.91   25.03    2.62   57.09   27.10   62.68    1.26    1.09    0.13      0.62
C08                      32.81   25.69    1.63   57.74   31.23   73.07    0.72    0.74    0.07      0.60
C09                      43.15   43.22   29.05   71.68    4.40   10.02    2.20    2.16    1.73      0.78
C10                      44.49   43.66   24.10   71.98    7.04   19.05    2.04    2.02    1.39      0.67
C11                      46.68   44.54   19.25   72.57   10.77   29.63    1.65    1.73    1.10      0.61
C12                      47.46   44.72   15.80   72.70   12.44   37.70    1.33    1.58    0.87      0.66
C13                      51.04   59.03   52.11   81.30  -14.96   -3.81    1.57    1.55    1.24      0.52
C14                      55.00   50.44   46.96   76.33   16.66   -6.53    1.68    1.79    1.35      0.64
C15                      62.30   66.24   40.12   85.11   -3.59   17.11    1.63    1.62    1.82      0.69
C16                      43.03   44.41   36.53   72.49    0.59    0.17    2.01    1.98    1.65      0.74
C17                      51.97   48.58   35.74   75.18   13.86    5.93    1.58    1.63    1.63      0.77
C18                      49.24   58.05   39.95   80.76  -17.45    9.82    1.50    1.44    1.57      0.80
C19                      46.07   46.58   47.43   73.91    3.29  -11.25    1.89    1.92    1.42      0.70
C20                       9.37   13.71   26.92   43.80  -27.97  -34.54    0.53    0.78    1.48      0.79
C21                       7.22    3.56    7.12   22.15   46.22  -22.56    0.32    0.15    0.33      0.69
C22                      18.89   17.79    1.58   49.23    9.14   58.94    0.87    0.73    0.06      0.89
D01                       4.26    4.42    2.14   25.00    0.04   11.54    0.23    0.21    0.11      0.41
D02                       4.23    4.46    1.34   25.12   -1.04   20.23    0.22    0.21    0.07      0.40
D03                       4.31    4.61    0.86   25.58   -1.85   28.08    0.22    0.21    0.04      0.44
D04                       4.47    4.84    0.77   26.28   -2.60   30.74    0.21    0.21    0.04      0.48
D05                      17.90   18.80    8.54   50.44   -1.22   20.66    0.93    0.90    0.47      0.53
D06                      18.18   19.21    4.29   50.91   -1.79   40.75    0.97    0.96    0.24      0.64
D07                      18.69   20.25    2.30   52.10   -4.25   56.82    0.99    1.04    0.10      0.73
D08                      19.17   20.78    1.88   52.69   -4.32   61.73    0.99    1.02    0.08      0.82
D09                      51.36   54.15   25.21   78.54   -2.25   28.35    2.05    2.11    1.45      0.71
D10                      51.20   54.47   12.85   78.72   -3.44   55.73    1.77    1.88    0.58      0.53
D11                      50.10   54.05    6.22   78.48   -5.33   78.43    1.66    1.65    0.24      0.57
D12                      48.15   52.96    4.15   77.85   -7.86   88.01    1.54    1.37    0.15      0.86
D13                      44.90   55.12   52.26   79.10  -22.40   -7.76    1.31    1.29    1.20      0.50
D14                      47.92   40.23   42.72   69.62   26.96  -12.95    1.38    1.40    1.26      0.58
D15                      62.70   67.27   31.95   85.64   -4.92   29.51    1.39    1.39    1.59      0.73
D16                      32.19   33.48   27.89   64.52   -0.34   -0.43    1.69    1.67    1.51      0.80
D17                      44.70   39.11   26.34   68.82   21.34    9.61    1.27    1.30    1.46      0.85
D18                      42.55   53.78   32.38   78.33  -25.95   16.25    1.24    1.18    1.42      0.80
D19                      36.25   36.14   45.14   66.61    4.72  -21.12    1.70    1.74    1.41      0.71
D20                       4.57    6.94   13.03   31.65  -24.56  -25.89    0.26    0.36    0.76      0.70
D21                       3.88    2.03    4.29   15.66   34.86  -20.05    0.19    0.09    0.21      0.66
D22                       9.80    9.73    1.14   37.34    3.40   44.06    0.40    0.35    0.05      0.70
E01                       6.15    6.99    3.39   31.78   -6.24   13.40    0.32    0.32    0.18      0.44
E02                       5.84    7.49    2.23   32.89  -14.38   24.30    0.30    0.34    0.11      0.43
E03                       5.47    7.85    1.49   33.65  -21.89   33.17    0.30    0.38    0.07      0.49
E04                       5.64    8.30    1.31   34.58  -23.98   36.98    0.31    0.41    0.06      0.50
E05                      26.35   30.77   15.13   62.29  -13.11   21.40    1.49    1.68    0.90      0.71
E06                      25.36   32.86    8.81   64.03  -24.68   43.12    1.25    1.57    0.46      0.64
E07                      24.56   35.25    5.36   65.94  -36.28   60.88    0.83    1.05    0.22      0.44
E08                      20.57   31.81    4.17   63.18  -42.55   62.62    0.56    0.69    0.15      0.33
E09                      48.02   52.68   33.38   77.66   -7.50   13.64    2.24    2.27    1.89      0.77
E10                      45.81   53.55   25.74   78.19  -15.88   26.80    1.89    1.94    1.43      0.66
E11                      41.61   52.04   19.23   77.30  -24.35   37.83    1.47    1.49    0.95      0.55
E12                      37.90   49.64   14.32   75.84  -29.66   46.81    1.15    1.13    0.57      0.48
E13                      40.04   51.42   52.51   76.93  -27.53  -11.79    0.96    0.96    0.97      0.42
E14                      41.57   31.96   38.75   63.30   35.87  -18.70    1.07    0.98    1.10      0.52
E15                      62.55   67.47   24.76   85.73   -5.70   41.55    1.25    1.31    1.19      0.60
E16                      22.57   23.19   19.40   55.25    0.98   -0.56    1.14    1.11    1.06      0.72
E17                      37.45   30.44   18.68   62.03   28.47   12.67    0.86    0.85    0.96      0.69
E18                      37.32   49.80   25.94   75.94  -31.95   22.57    1.00    0.99    1.20      0.73
E19                      26.70   25.58   40.60   57.62    8.52  -30.94    1.20    1.18    1.23      0.64
E20                       1.72    2.69    4.74   18.75  -19.20  -17.25    0.12    0.16    0.30      0.53
E21                       1.67    0.95    1.99    8.55   23.44  -15.47    0.08    0.05    0.10      0.52
E22                       4.04    4.03    0.75   23.77    2.20   26.79    0.16    0.14    0.04      0.53
F01                       3.95    4.95    3.25   26.58  -11.20    5.36    0.22    0.25    0.19      0.42
F02                       3.56    5.72    3.01   28.67  -26.19   10.73    0.22    0.31    0.19      0.43
F03                       3.04    5.90    2.71   29.13  -36.65   13.80    0.22    0.36    0.17      0.47
F04                       2.29    5.01    2.22   26.74  -40.61   13.82    0.15    0.29    0.13      0.43
F05                      14.21   18.36   11.66   49.92  -20.08    9.51    0.72    0.87    0.63      0.52
F06                      13.96   23.55   11.27   55.61  -46.21   20.52    0.79    1.26    0.62      0.61
F07                       9.04   18.23    9.28   49.76  -56.41   16.89    0.40    0.76    0.48      0.49
F08                       9.08   18.28    9.19   49.82  -56.27   17.30    0.41    0.78    0.50      0.48
F09                      32.16   37.90   27.66   67.92  -15.08    5.82    1.77    1.97    1.69      0.80
F10                      29.86   40.14   25.62   69.55  -30.55   12.13    1.24    1.51    1.38      0.72
F11                      27.75   40.90   25.74   70.10  -41.07   12.85    0.78    0.88    1.17      0.70
F12                      20.18   33.33   27.21   64.43  -49.81    0.54    0.57    0.64    1.38      0.92
F13                      37.03   48.89   52.57   75.38  -30.46  -14.52    0.77    0.80    0.87      0.39
F14                      37.45   26.89   35.84   58.86   42.12  -22.37    0.89    0.76    1.08      0.45
F15                      61.68   66.47   19.05   85.23   -5.55   51.87    1.09    1.19    0.81      0.48
F16                      16.76   17.29   14.33   48.62    0.49   -0.13    0.73    0.69    0.68      0.56
F17                      31.91   24.12   12.64   56.20   34.64   17.51    0.58    0.56    0.58      0.58
F18                      32.77   45.94   20.26   73.50  -36.88   29.11    0.75    0.76    0.81      0.59
F19                      20.59   19.13   37.05   50.83   10.75  -37.91    0.79    0.74    1.06      0.54
F20                       0.48    0.80    1.22    7.26  -11.96   -8.94    0.05    0.06    0.08      0.42
F21                       0.60    0.44    0.68    4.00    7.04   -5.98    0.04    0.04    0.04      0.31
F22                       1.28    1.32    0.43   11.42    0.08   11.67    0.06    0.06    0.04      0.38
G01                       2.66    3.22    2.78   20.91   -8.01   -0.90    0.16    0.17    0.17      0.37
G02                       2.36    3.44    3.18   21.70  -17.45   -2.52    0.15    0.20    0.20      0.38
G03                       2.18    3.83    3.54   23.07  -27.04   -2.59    0.17    0.26    0.25      0.44
G04                       2.03    3.99    3.81   23.61  -32.74   -3.45    0.15    0.25    0.26      0.48
G05                      14.41   17.82   15.60   49.26  -15.99   -2.24    0.74    0.84    0.91      0.62
G06                      15.04   23.44   21.02   55.50  -39.14   -3.45    0.86    1.28    1.30      0.69
G07                      10.57   18.96   21.75   50.62  -47.93  -13.31    0.58    0.95    1.32      0.62
G08                      10.53   18.91   21.52   50.57  -48.00  -12.94    0.59    0.96    1.40      0.66
G09                      32.23   37.69   32.07   67.76  -14.15   -1.47    1.81    2.02    1.94      0.81
G10                      30.93   40.87   35.72   70.07  -28.78   -2.84    1.32    1.58    1.83      0.71
G11                      28.92   41.45   41.59   70.49  -38.13  -10.01    0.81    0.88    1.54      0.73
G12                      20.14   31.42   44.15   62.86  -43.25  -26.39    0.48    0.60    1.15      0.45
G13                      34.25   46.33   53.08   73.76  -32.80  -17.87    0.62    0.65    0.73      0.29
G14                      32.90   21.70   32.16   53.70   48.93  -25.90    0.70    0.55    0.94      0.44
G15                      60.54   64.98   13.97   84.47   -4.95   62.60    1.02    1.14    0.55      0.36
G16                      11.62   11.96    9.67   41.14    0.66    0.65    0.49    0.45    0.42      0.45
G17                      26.73   18.41    7.84   49.99   41.56   22.54    0.43    0.39    0.32      0.39
G18                      29.06   42.47   15.94   71.19  -40.60   34.73    0.61    0.64    0.54      0.42
G19                      15.83   14.15   34.32   44.43   13.24  -45.07    0.56    0.51    0.90      0.46
G20                      12.16    5.66    0.28   28.54   58.71   43.99    0.30    0.18    0.04      0.24
G21                      13.01   22.87    3.02   54.93  -49.28   55.92    0.42    0.64    0.09      0.51
G22                       2.85    1.62   14.27   13.36   27.94  -60.79    0.09    0.07    0.41      0.61
H01                       2.86    3.22    3.46   20.91   -4.41   -5.84    0.17    0.17    0.21      0.38
H02                       2.62    3.39    4.88   21.54  -11.62  -13.14    0.17    0.19    0.32      0.46
H03                       2.44    3.53    6.50   22.02  -17.13  -20.14    0.18    0.23    0.42      0.51
H04                       2.25    3.52    7.72   22.01  -21.07  -25.24    0.15    0.21    0.52      0.58
H05                      11.73   13.50   15.84   43.50   -8.79  -12.74    0.62    0.63    0.95      0.57
H06                      12.06   15.65   24.44   46.49  -19.38  -25.51    0.72    0.85    1.57      0.72
H07                      12.12   17.48   34.16   48.83  -29.07  -37.24    0.75    1.16    1.74      0.81
H08                      10.24   14.55   32.80   44.99  -26.15  -41.86    0.62    0.95    1.68      0.72
H09                      33.86   36.63   34.60   66.97   -5.02   -6.58    2.07    2.17    2.01      0.74
H10                      32.38   37.17   39.50   67.38  -11.96  -12.64    1.81    2.04    1.92      0.70
H11                      31.55   38.26   43.93   68.19  -18.45  -16.91    1.44    1.76    1.55      0.69
H12                      31.19   39.68   48.41   69.22  -24.18  -20.46    1.23    1.60    1.24      0.67
H13                      30.59   42.75   53.14   71.38  -35.65  -22.04    0.57    0.62    0.59      0.28
H14                      28.67   17.27   27.81   48.59   55.29  -27.80    0.54    0.39    0.83      0.44
H15                      60.30   64.29   11.04   84.12   -3.96   70.34    0.89    1.03    0.42      0.31
H16                       7.90    8.04    6.08   34.07    1.32    2.49    0.34    0.31    0.28      0.42
H17                      22.38   13.92    4.57   44.11   48.19   27.43    0.33    0.27    0.21      0.40
H18                      26.12   39.56   13.34   69.15  -43.51   37.87    0.57    0.63    0.49      0.43
H19                      12.34   10.58   31.95   38.86   15.48  -51.16    0.42    0.38    0.80      0.42
H20                      11.42    5.28    0.31   27.50   58.05   41.63    0.31    0.18    0.04      0.31
H21                      10.30   18.60    2.56   50.21  -48.16   51.33    0.46    0.78    0.09      0.77
H22                       2.26    1.22   11.66   10.71   28.04  -58.11    0.08    0.07    0.36      0.61
I01                       4.76    4.67    7.40   25.75    3.39  -17.49    0.29    0.25    0.43      0.49
I02                       5.38    5.00   13.71   26.71    6.93  -36.28    0.32    0.27    0.78      0.65
I03                       5.86    5.17   21.71   27.19   10.35  -53.64    0.32    0.28    1.04      0.63
I04                       5.61    4.95   25.09   26.58   10.15  -61.05    0.26    0.28    0.93      0.48
I05                      15.45   15.67   18.21   46.53    1.96  -13.00    0.80    0.73    1.08      0.66
I06                      15.76   15.69   25.13   46.54    3.72  -26.66    0.83    0.75    1.45      0.78
I07                      16.24   15.86   32.39   46.77    5.50  -38.17    0.76    0.71    1.28      0.47
I08                      16.18   15.76   37.16   46.65    5.73  -45.28    0.69    0.72    0.95      0.48
I09                      35.69   36.44   35.95   66.82    1.84   -8.76    2.19    2.18    1.97      0.72
I10                      34.90   35.50   39.26   66.11    2.29  -14.53    2.09    2.11    1.83      0.69
I11                      34.80   35.12   43.14   65.81    3.25  -20.03    1.90    1.96    1.49      0.76
I12                      34.58   35.00   45.48   65.72    2.86  -23.06    1.82    1.93    1.26      0.89
I13                      27.13   39.11   52.29   68.83  -38.02  -25.51    0.46    0.54    0.52      0.24
I14                      25.05   13.92   23.83   44.12   59.91  -28.53    0.45    0.30    0.77      0.52
I15                      59.40   62.73    8.72   83.30   -2.58   76.67    0.88    1.06    0.34      0.33
I16                       4.49    4.53    3.52   25.34    1.62    1.40    0.21    0.19    0.19      0.47
I17                      19.03   10.77    2.59   39.18   53.23   32.11    0.23    0.17    0.12      0.35
I18                      22.48   35.79   11.30   66.36  -47.27   38.92    0.51    0.58    0.41      0.40
I19                       8.85    7.04   27.76   31.89   19.09  -56.52    0.30    0.25    0.71      0.41
I20                       6.98    3.33    0.29   21.33   47.44   31.20    0.37    0.17    0.03      0.79
I21                       7.01   12.58    2.02   42.10  -41.76   42.08    0.40    0.70    0.08      0.90
I22                       1.68    0.88    8.65    7.92   26.45  -53.03    0.07    0.06    0.29      0.68
J01                       1.51    1.20    2.61   10.55   10.49  -17.40    0.10    0.08    0.18      0.51
J02                       2.10    1.28    6.55   11.14   22.56  -39.10    0.12    0.07    0.37      0.68
J03                       2.42    1.23   10.29   10.75   31.13  -53.76    0.11    0.06    0.39      0.53
J04                       2.39    1.22   11.03   10.72   30.63  -56.17    0.11    0.06    0.43      0.52
J05                       9.52    8.74   11.27   35.47    9.16  -14.21    0.50    0.42    0.62      0.50
J06                      10.14    8.25   16.69   34.49   18.30  -30.29    0.54    0.39    0.94      0.72
J07                      10.90    7.87   22.16   33.70   27.49  -43.30    0.54    0.36    0.98      0.57
J08                      11.34    7.68   25.75   33.30   32.45  -50.64    0.51    0.34    0.79      0.39
J09                      29.52   29.09   29.15   60.83    5.69   -8.86    1.82    1.70    1.78      0.63
J10                      30.41   28.78   33.74   60.56   10.22  -16.39    1.78    1.60    1.70      0.66
J11                      30.81   28.13   37.70   59.98   14.22  -23.00    1.81    1.61    1.62      0.68
J12                      30.71   27.27   40.13   59.20   17.21  -27.60    1.74    1.55    1.31      0.73
J13                      25.81   37.65   51.85   67.76  -38.80  -26.88    0.44    0.53    0.48      0.23
J14                      22.44   11.72   20.78   40.77   62.87  -28.41    0.38    0.24    0.66      0.48
J15                      58.42   60.94    6.76   82.34   -0.81   82.73    0.85    1.05    0.25      0.37
J16                       2.34    2.39    1.75   17.39    0.80    2.23    0.13    0.12    0.09      0.50
J17                      16.46    8.62    1.27   35.25   56.49   38.64    0.21    0.14    0.05      0.22
J18                      20.13   32.89    8.19   64.07  -48.56   45.46    0.47    0.57    0.29      0.42
J19                       6.35    4.60   24.09   25.55   22.81  -61.02    0.22    0.18    0.65      0.43
J20                       3.57    1.80    0.27   14.41   35.54   19.74    0.20    0.10    0.03      0.63
J21                       3.09    5.73    1.25   28.72  -34.05   27.64    0.19    0.30    0.05      0.57
J22                       1.20    0.64    6.13    5.81   21.81  -46.48    0.05    0.04    0.21      0.53
K01                       2.41    1.91    2.38   15.00   12.51   -7.82    0.16    0.11    0.16      0.50
K02                       3.17    1.98    3.89   15.36   24.92  -18.12    0.20    0.11    0.26      0.58
K03                       4.16    2.10    6.33   16.00   37.31  -29.77    0.26    0.12    0.36      0.61
K04                       4.73    2.30    7.54   16.96   40.93  -33.25    0.28    0.13    0.37      0.56
K05                       7.52    5.93    7.79   29.23   18.64  -13.03    0.42    0.30    0.45      0.57
K06                       9.39    5.90   11.50   29.14   35.38  -25.82    0.52    0.29    0.65      0.74
K07                      11.62    6.08   15.25   29.61   50.29  -35.25    0.62    0.29    0.66      0.67
K08                      12.58    6.25   16.01   30.02   55.16  -36.42    0.67    0.31    0.56      0.61
K09                      25.28   23.09   24.44   55.14   13.24  -10.59    1.45    1.21    1.47      0.70
K10                      28.42   23.46   29.49   55.52   24.33  -18.57    1.59    1.18    1.58      0.73
K11                      31.21   23.24   33.30   55.30   35.87  -24.83    1.58    1.11    1.31      0.68
K12                      32.42   22.41   35.01   54.45   43.97  -28.80    1.32    0.93    0.95      0.57
K13                      24.28   35.89   51.13   66.43  -39.57  -28.37    0.43    0.53    0.47      0.23
K14                      20.77   10.45   18.60   38.64   64.20  -27.48    0.34    0.20    0.58      0.50
K15                      57.96   59.66    5.29   81.65    1.08   88.34    0.75    0.97    0.18      0.35
K16                       1.03    1.09    0.73    9.72   -0.74    2.90    0.10    0.09    0.04      0.82
K17                      14.10    6.87    0.60   31.50   58.64   43.04    0.22    0.14    0.03      0.17
K18                      16.06   27.96    5.83   59.85  -51.85   48.10    0.43    0.58    0.20      0.35
K19                       4.40    2.85   19.85   19.42   25.96  -63.29    0.16    0.12    0.59      0.50
K20                       1.71    0.94    0.26    8.51   24.79    9.69    0.10    0.05    0.02      0.47
K21                       1.32    2.48    0.78   17.81  -26.11   16.06    0.10    0.15    0.03      0.41
K22                       0.55    0.37    2.67    3.34    7.89  -30.36    0.03    0.03    0.12      0.42
L01                       2.35    1.89    1.64   14.90   11.73   -0.81    0.15    0.11    0.11      0.43
L02                       2.92    1.84    1.80   14.63   23.84   -3.09    0.19    0.11    0.13      0.46
L03                       3.67    1.96    2.28   15.25   33.39   -6.55    0.25    0.13    0.17      0.50
L04                       4.12    2.02    2.50   15.59   38.62   -7.84    0.26    0.12    0.17      0.47
L05                       7.73    5.96    5.73   29.30   20.23   -4.06    0.43    0.30    0.34      0.53
L06                       9.66    5.81    6.48   28.92   38.53   -8.17    0.55    0.30    0.38      0.64
L07                      13.31    6.72    8.07   31.15   55.09  -10.85    0.70    0.33    0.41      0.68
L08                      14.46    6.63    8.54   30.95   63.28  -12.94    0.29    0.15    0.38      0.53
L09                      25.01   22.95   21.11   55.00   12.72   -4.49    1.42    1.19    1.33      0.70
L10                      29.56   23.97   23.43   56.04   26.54   -7.20    1.62    1.20    1.44      0.73
L11                      32.67   24.26   24.83   56.34   36.71   -9.25    1.35    0.99    1.44      0.69
L12                      32.91   23.03   24.69   55.09   42.95  -11.15    0.77    0.63    1.37      0.83
L13                      22.68   33.94   50.22   64.92  -40.13  -29.97    0.44    0.58    0.55      0.23
L14                      19.43    9.53   16.63   36.98   64.74  -25.89    0.32    0.19    0.54      0.52
L15                      57.02   57.90    4.22   80.68    2.96   92.45    0.72    0.93    0.14      0.37
L16                       0.39    0.42    0.30    3.76   -0.37    0.77    0.08    0.08    0.03      0.62
L17                      12.11    5.61    0.25   28.40   58.96   44.33    0.28    0.16    0.02      0.34
L18                      13.39   24.18    4.17   56.26  -52.54   50.65    0.42    0.63    0.15      0.32
L19                       2.94    1.67   15.10   13.66   28.34  -62.39    0.11    0.07    0.49      0.59
L20                       0.61    0.42    0.28    3.79    8.38    1.31    0.04    0.03    0.02      0.34
L21                       0.43    0.75    0.48    6.80  -12.03    2.76    0.03    0.04    0.02      0.31
L22                       0.25    0.27    0.70    2.44   -0.39   -8.98    0.02    0.03    0.04      0.20
Dmin                     71.42   73.18   57.18   88.52    1.83    3.26    2.00    2.15    1.77      0.47
GS01                     62.24   64.92   52.70   84.43   -0.82    0.96    2.31    2.42    2.02      0.52
GS02                     54.75   56.87   46.18   80.09   -0.20    0.89    2.34    2.42    2.13      0.55
GS03                     48.58   50.13   41.24   76.13    0.67    0.18    2.21    2.25    2.07      0.57
GS04                     42.83   44.16   36.85   72.31    0.74   -0.56    2.24    2.26    2.06      0.67
GS05                     37.10   38.31   32.49   68.22    0.54   -1.32    2.09    2.10    1.98      0.66
GS06                     30.84   31.87   27.09   63.21    0.42   -1.35    1.76    1.76    1.66      0.61
GS07                     25.33   25.97   22.19   57.99    1.22   -1.48    1.41    1.38    1.36      0.56
GS08                     21.32   22.00   18.75   54.01    0.50   -1.30    1.12    1.09    1.09      0.58
GS09                     18.34   18.85   16.19   50.50    0.84   -1.52    0.92    0.87    0.86      0.52
GS10                     15.39   15.85   13.39   46.77    0.60   -0.82    0.75    0.70    0.72      0.48
GS11                     12.73   13.14   11.04   42.96    0.43   -0.62    0.60    0.55    0.57      0.48
GS12                     10.45   10.76    8.68   39.17    0.55    0.71    0.48    0.43    0.40      0.45
GS13                      8.47    8.63    7.03   35.26    1.27    0.41    0.39    0.35    0.33      0.45
GS14                      6.59    6.67    5.30   31.02    1.73    0.99    0.32    0.28    0.26      0.39
GS15                      4.87    4.90    3.95   26.45    1.84    0.60    0.25    0.22    0.21      0.41
GS16                      3.53    3.63    3.00   22.39    0.50   -0.06    0.19    0.17    0.16      0.40
GS17                      2.48    2.51    1.98   17.97    1.10    0.88    0.14    0.12    0.11      0.37
GS18                      1.65    1.73    1.35   14.02   -0.51    1.01    0.09    0.08    0.07      0.34
GS19                      1.03    1.11    0.88    9.88   -1.41    0.56    0.07    0.06    0.04      0.34
GS20                      0.46    0.53    0.49    4.81   -2.18   -1.03    0.05    0.04    0.03      0.25
GS21                      0.26    0.32    0.33    2.85   -1.90   -1.27    0.03    0.03    0.02      0.11
GS22                      0.16    0.19    0.21    1.75   -1.15   -1.02    0.02    0.02    0.02      0.12
Dmax                      0.11    0.13    0.15    1.21   -0.61   -0.67    0.02    0.02    0.03      0.18
END_DATA                                                                                      
