IT8.7/1                                                                                      
ORIGINATOR           "X-Rite, Inc."                                                          
DESCRIPTOR           "IT8.7/1 Reference Data File, 4x5 Ektachrome"                           
CREATED              "Monday, August 04, 2014"                                               
MANUFACTURER         "X-Rite, Inc."                                                          
PROD_DATE            "2014:08"                                                               
SERIAL               "Batch Average Data"                                                    
MATERIAL             "Kodak Ektachrome Product Family"                                       
NUMBER_OF_FIELDS           11                                                                
BEGIN_DATA_FORMAT                                                                            
SAMPLE_ID               XYZ_X   XYZ_Y   XYZ_Z   LAB_L   LAB_A   LAB_B STDEV_X STDEV_Y STDEV_Z  STDEV_DE
END_DATA_FORMAT                                                                              
NUMBER_OF_SETS 288                                                                           
#                                                                                            
BEGIN_DATA                                                                                   
#ID                        X       Y       Z       L       A       B     SD_X    SD_Y    SD_Z     SD_dE
A01                      2.15    1.87    1.42   14.79    7.94    1.39    0.08    0.05    0.03      0.39
A02                      2.40    1.72    1.21   13.91   17.07    2.62    0.10    0.06    0.03      0.41
A03                      2.63    1.55    0.99   12.90   25.98    4.12    0.10    0.05    0.02      0.41
A04                      3.25    1.78    0.91   14.26   31.12    7.71    0.12    0.06    0.02      0.42
A05                     12.36   10.76    7.72   39.17   14.25    4.35    0.35    0.26    0.19      0.50
A06                     14.66   10.68    6.78   39.04   29.64    7.98    0.36    0.25    0.19      0.44
A07                     16.64   10.15    5.81   38.11   45.14   10.72    0.31    0.18    0.14      0.38
A08                     17.59    8.85    4.53   35.70   60.70   13.14    0.26    0.14    0.13      0.32
A09                     41.40   38.93   30.12   68.70   12.12    3.10    0.50    0.44    0.43      0.36
A10                     45.74   38.89   28.15   68.67   25.00    6.25    0.42    0.41    0.47      0.30
A11                     49.61   38.00   25.47   68.02   38.49    9.72    0.30    0.38    0.44      0.37
A12                     46.57   33.41   21.67   64.49   45.33   10.73    0.28    0.33    0.38      0.31
A13                     67.58   75.65   68.31   89.70  -11.45   -5.54    0.51    0.39    0.17      0.21
A14                     74.17   71.64   66.04   87.79   10.74   -6.72    0.20    0.21    0.18      0.08
A15                     78.19   82.38   51.22   92.74   -2.45   16.89    0.16    0.16    0.35      0.21
A16                     78.85   81.84   67.79   92.50   -0.11   -0.24    0.27    0.23    0.19      0.11
A17                     70.72   68.98   48.78   86.49    9.14    8.86    0.23    0.28    0.32      0.19
A18                     63.43   72.33   49.83   88.13  -13.97   10.48    0.53    0.42    0.32      0.29
A19                     60.93   63.38   65.52   83.64   -0.44  -13.39    0.54    0.45    0.22      0.20
A20                     10.96   18.46   37.27   50.04  -42.44  -39.57    0.13    0.22    0.36      0.24
A21                     19.90    8.59   25.67   35.19   74.85  -47.26    0.20    0.10    0.17      0.20
A22                     45.63   45.46    1.94   73.20    5.17   96.50    0.50    0.43    0.03      0.25
B01                      3.33    3.01    1.75   20.07    7.32    6.84    0.13    0.09    0.03      0.42
B02                      3.72    2.85    1.01   19.42   16.28   14.95    0.14    0.08    0.02      0.41
B03                      4.05    2.59    0.46   18.33   25.78   22.94    0.16    0.09    0.01      0.42
B04                      4.44    2.45    0.25   17.67   34.13   25.76    0.16    0.08    0.01      0.42
B05                     12.50   10.70    5.40   39.07   15.68   14.38    0.35    0.26    0.13      0.43
B06                     15.30   10.78    3.06   39.20   32.75   28.46    0.35    0.22    0.06      0.37
B07                     17.27    9.99    1.32   37.82   49.86   42.36    0.27    0.15    0.02      0.30
B08                     19.52    9.47    0.34   36.87   65.71   57.06    0.14    0.08    0.01      0.15
B09                     40.57   39.00   26.92   68.75    9.37    8.45    0.54    0.47    0.43      0.34
B10                     43.50   38.68   22.03   68.52   19.18   16.96    0.46    0.41    0.41      0.35
B11                     46.75   38.36   17.75   68.28   29.50   25.49    0.29    0.31    0.31      0.30
B12                     47.68   36.41   13.11   66.83   38.36   34.50    0.20    0.26    0.25      0.27
B13                     61.30   70.88   67.55   87.43  -15.89   -8.76    0.55    0.42    0.10      0.23
B14                     70.52   65.48   64.61   84.73   16.31  -10.66    0.16    0.21    0.10      0.12
B15                     76.76   81.29   44.38   92.26   -3.22   24.02    0.10    0.08    0.38      0.28
B16                     69.73   72.51   59.82   88.21   -0.39    0.02    0.29    0.24    0.19      0.16
B17                     65.25   61.37   41.11   82.57   14.08   11.42    0.19    0.25    0.39      0.23
B18                     56.42   67.22   43.03   85.61  -19.79   14.23    0.51    0.37    0.36      0.35
B19                     52.34   53.91   63.34   78.41    0.93  -20.34    0.55    0.46    0.10      0.26
B20                      7.91   12.84   24.63   42.53  -34.98  -32.74    0.13    0.21    0.31      0.27
B21                     13.64    6.09   17.20   29.63   63.86  -39.90    0.23    0.11    0.19      0.31
B22                     30.44   30.45    1.52   62.04    4.08   81.70    0.57    0.49    0.02      0.35
C01                      4.53    4.52    2.36   25.30    2.40   10.06    0.16    0.12    0.05      0.43
C02                      4.87    4.56    1.25   25.44    6.12   21.93    0.19    0.13    0.02      0.49
C03                      5.27    4.66    0.57   25.75    9.73   33.66    0.20    0.13    0.01      0.42
C04                      6.29    5.28    0.53   27.51   13.73   37.38    0.21    0.14    0.01      0.42
C05                     22.85   22.29   10.64   54.33    6.26   20.24    0.48    0.39    0.26      0.50
C06                     24.49   22.29    5.89   54.33   13.48   38.29    0.47    0.36    0.12      0.41
C07                     26.48   22.56    2.75   54.61   20.64   57.40    0.46    0.36    0.05      0.31
C08                     28.69   23.04    1.08   55.11   27.30   75.53    0.41    0.32    0.01      0.29
C09                     46.53   45.99   26.24   73.54    6.23   17.87    0.54    0.47    0.46      0.32
C10                     49.31   46.01   17.29   73.55   13.82   35.62    0.40    0.40    0.37      0.34
C11                     52.32   46.21   10.37   73.68   21.24   54.45    0.26    0.28    0.20      0.31
C12                     52.82   44.71    5.28   72.70   26.79   72.96    0.18    0.24    0.09      0.20
C13                     55.98   67.07   67.12   85.54  -20.56  -11.62    0.59    0.45    0.09      0.31
C14                     67.59   60.30   63.12   82.00   21.75  -13.94    0.14    0.21    0.12      0.14
C15                     75.32   79.98   37.44   91.67   -3.62   31.98    0.12    0.10    0.44      0.34
C16                     66.46   69.24   56.97   86.62   -0.65    0.18    0.36    0.30    0.23      0.20
C17                     60.34   54.51   33.48   78.76   19.25   15.33    0.25    0.30    0.43      0.27
C18                     49.77   62.28   36.31   83.06  -25.91   18.69    0.61    0.47    0.39      0.44
C19                     44.03   44.85   61.39   72.79    2.29  -28.12    0.62    0.52    0.12      0.32
C20                      5.09    8.06   14.69   34.11  -28.39  -26.11    0.09    0.14    0.21      0.27
C21                      8.49    3.95   10.46   23.50   52.15  -32.37    0.22    0.10    0.17      0.43
C22                     18.88   19.18    1.18   50.89    1.99   66.80    0.52    0.44    0.02      0.44
D01                      4.19    4.51    2.60   25.28   -2.13    7.98    0.15    0.12    0.05      0.41
D02                      4.28    4.68    1.74   25.80   -3.17   16.80    0.15    0.12    0.03      0.40
D03                      4.30    4.78    0.96   26.10   -4.22   27.27    0.14    0.11    0.02      0.31
D04                      4.58    5.16    0.63   27.17   -5.03   34.89    0.17    0.14    0.01      0.38
D05                     25.59   27.07   14.88   59.04   -2.13   16.41    0.53    0.45    0.32      0.49
D06                     25.85   27.64    9.64   59.56   -3.30   32.51    0.54    0.46    0.21      0.50
D07                     25.98   27.96    5.79   59.85   -4.04   48.28    0.56    0.47    0.11      0.47
D08                     25.72   28.05    3.03   59.93   -5.44   64.46    0.57    0.48    0.05      0.40
D09                     51.60   54.45   27.73   78.72   -2.35   24.28    0.47    0.41    0.46      0.33
D10                     51.12   54.44   15.48   78.72   -3.58   48.83    0.46    0.41    0.32      0.35
D11                     50.82   54.42    7.83   78.71   -4.35   72.08    0.45    0.38    0.13      0.28
D12                     50.30   54.30    2.76   78.64   -5.43   98.75    0.42    0.32    0.03      0.22
D13                     51.05   63.46   66.66   83.68  -25.19  -14.39    0.61    0.48    0.09      0.33
D14                     64.12   54.61   61.70   78.81   27.75  -18.04    0.16    0.23    0.10      0.19
D15                     73.91   78.58   30.86   91.04   -3.79   40.48    0.11    0.11    0.41      0.35
D16                     62.47   65.20   53.52   84.59   -0.93    0.31    0.41    0.35    0.30      0.25
D17                     55.83   48.08   26.70   74.87   25.06   19.39    0.24    0.30    0.41      0.31
D18                     42.84   56.65   29.55   79.98  -32.20   23.48    0.65    0.52    0.44      0.47
D19                     36.62   36.69   59.04   67.04    4.15  -35.70    0.60    0.53    0.15      0.35
D20                      3.04    4.60    7.82   25.58  -21.19  -19.48    0.06    0.09    0.16      0.29
D21                      4.80    2.40    5.64   17.45   39.71  -24.08    0.17    0.08    0.10      0.46
D22                     10.38   10.68    0.87   39.04    0.62   51.03    0.33    0.27    0.01      0.43
E01                      3.95    4.64    2.40   25.68   -7.28   10.33    0.13    0.11    0.05      0.39
E02                      3.61    4.73    1.32   25.96  -13.55   21.97    0.11    0.10    0.02      0.38
E03                      3.56    5.14    0.73   27.13  -19.35   33.06    0.12    0.13    0.01      0.35
E04                      3.98    6.31    0.82   30.17  -26.26   36.67    0.12    0.15    0.01      0.34
E05                     12.11   14.61    6.61   45.09  -12.96   19.13    0.37    0.33    0.15      0.51
E06                     11.09   15.20    3.38   45.91  -23.70   37.83    0.31    0.30    0.05      0.41
E07                     10.91   16.69    1.38   47.87  -33.45   58.94    0.30    0.32    0.02      0.35
E08                     10.94   18.71    1.55   50.34  -43.94   61.28    0.29    0.34    0.02      0.34
E09                     35.62   39.76   23.82   69.29   -8.88   14.89    0.62    0.53    0.41      0.39
E10                     33.32   39.76   17.22   69.30  -16.82   28.44    0.62    0.53    0.35      0.51
E11                     31.52   40.30   11.70   69.68  -24.88   43.44    0.57    0.49    0.24      0.48
E12                     29.61   40.60    7.95   69.89  -32.91   56.42    0.53    0.44    0.14      0.45
E13                     45.95   59.37   66.06   81.49  -29.69  -17.61    0.58    0.47    0.11      0.34
E14                     60.51   49.18   59.92   75.56   33.41  -21.89    0.20    0.28    0.11      0.23
E15                     72.38   77.05   25.43   90.35   -3.98   48.28    0.13    0.12    0.41      0.40
E16                     58.87   61.40   50.14   82.59   -0.81    0.60    0.45    0.38    0.32      0.23
E17                     51.37   42.15   20.46   70.97   30.46   24.32    0.23    0.29    0.33      0.27
E18                     37.00   51.93   23.81   77.24  -38.56   28.61    0.62    0.51    0.35      0.49
E19                     30.38   29.75   56.68   61.43    6.45  -42.96    0.57    0.51    0.16      0.35
E20                      1.72    2.44    3.86   17.66  -14.44  -14.05    0.04    0.05    0.08      0.29
E21                      2.57    1.41    2.94   12.04   28.54  -17.50    0.10    0.05    0.05      0.36
E22                      5.14    5.28    0.62   27.52    0.53   35.77    0.21    0.17    0.01      0.51
F01                      1.36    1.97    1.28   15.35  -14.40    4.19    0.04    0.04    0.02      0.30
F02                      1.01    2.06    1.00   15.77  -27.56    8.84    0.02    0.04    0.02      0.17
F03                      1.06    2.47    0.82   17.78  -34.50   15.22    0.02    0.04    0.01      0.19
F04                      1.23    2.97    0.87   19.91  -37.92   18.15    0.03    0.06    0.02      0.20
F05                      6.46    8.89    5.69   35.76  -19.99    7.24    0.17    0.18    0.13      0.37
F06                      5.19    9.40    4.56   36.74  -38.55   14.75    0.13    0.18    0.10      0.31
F07                      3.58    9.20    3.60   36.36  -58.88   19.87    0.06    0.14    0.06      0.24
F08                      4.24   11.60    3.32   40.58  -67.40   29.04    0.06    0.14    0.05      0.17
F09                     33.93   40.05   29.46   69.50  -15.56    5.55    0.60    0.52    0.49      0.41
F10                     30.63   40.80   27.10   70.03  -29.66   10.36    0.58    0.52    0.47      0.45
F11                     27.15   40.83   24.10   70.06  -43.25   15.70    0.50    0.46    0.41      0.52
F12                     23.89   40.34   20.39   69.71  -55.39   22.28    0.42    0.41    0.37      0.47
F13                     41.25   55.66   65.19   79.42  -34.55  -20.36    0.57    0.48    0.11      0.31
F14                     57.41   44.14   58.44   72.32   39.96  -25.98    0.24    0.35    0.14      0.31
F15                     71.48   75.81   20.13   89.77   -3.39   57.41    0.11    0.12    0.33      0.36
F16                     40.84   42.45   35.06   71.18   -0.26   -0.03    0.48    0.41    0.39      0.38
F17                     47.87   37.40   15.75   67.58   35.68   28.96    0.23    0.29    0.31      0.33
F18                     31.70   47.27   18.62   74.36  -44.38   34.04    0.57    0.49    0.32      0.52
F19                     24.83   23.47   54.17   55.55    9.69  -50.45    0.50    0.45    0.18      0.40
F20                      0.74    1.02    1.43    9.14   -9.51   -8.41    0.02    0.02    0.03      0.17
F21                      1.13    0.72    1.19    6.54   16.36   -9.86    0.04    0.02    0.03      0.33
F22                      2.07    2.12    0.41   16.09    0.69   19.93    0.08    0.06    0.01      0.40
G01                      2.50    3.11    2.70   20.46   -9.22   -1.10    0.08    0.07    0.06      0.34
G02                      2.05    3.09    2.85   20.40  -18.36   -2.40    0.06    0.06    0.06      0.28
G03                      1.68    3.06    3.08   20.29  -26.69   -4.25    0.03    0.05    0.06      0.21
G04                      1.53    3.19    3.26   20.79  -32.92   -4.64    0.03    0.05    0.07      0.21
G05                      8.86   11.37    9.80   40.20  -16.60   -1.40    0.24    0.24    0.22      0.45
G06                      7.49   11.72   10.72   40.77  -31.40   -3.40    0.17    0.21    0.25      0.37
G07                      6.08   12.04   11.78   41.28  -47.85   -5.77    0.10    0.17    0.24      0.38
G08                      5.60   12.90   12.67   42.62  -59.06   -6.04    0.07    0.15    0.26      0.34
G09                     33.96   39.78   34.50   69.31  -14.63   -2.45    0.57    0.50    0.47      0.42
G10                     30.59   40.37   36.28   69.73  -28.52   -4.26    0.55    0.51    0.50      0.40
G11                     27.54   41.07   38.28   70.22  -42.38   -6.15    0.49    0.47    0.45      0.41
G12                     24.21   40.62   38.64   69.91  -54.85   -7.17    0.38    0.40    0.42      0.37
G13                     36.97   51.87   64.85   77.20  -38.50  -23.86    0.51    0.46    0.10      0.31
G14                     53.67   38.78   55.82   68.59   46.69  -29.72    0.25    0.35    0.16      0.35
G15                     70.45   74.51   15.31   89.16   -2.95   67.27    0.10    0.10    0.25      0.33
G16                     31.14   32.58   26.93   63.81   -0.99   -0.07    0.55    0.45    0.33      0.40
G17                     43.10   31.41   10.65   62.85   42.43   34.88    0.23    0.27    0.23      0.30
G18                     26.42   41.97   13.91   70.85  -49.63   39.27    0.52    0.48    0.22      0.51
G19                     20.34   18.26   51.98   49.81   13.97  -57.98    0.40    0.37    0.19      0.36
G20                     14.81    7.32    0.27   32.52   58.64   50.96    0.19    0.09    0.01      0.21
G21                      4.53   11.26    1.34   40.01  -60.96   45.92    0.10    0.19    0.02      0.22
G22                      4.15    1.25   20.36   10.90   59.26  -79.05    0.03    0.01    0.16      0.18
H01                      2.63    3.06    3.35   20.28   -5.96   -6.19    0.08    0.07    0.08      0.32
H02                      2.27    2.95    4.23   19.85  -11.16  -12.48    0.05    0.05    0.09      0.31
H03                      1.99    2.91    5.17   19.69  -16.65  -17.90    0.04    0.05    0.11      0.26
H04                      1.88    2.98    6.21   19.97  -20.43  -22.43    0.03    0.05    0.16      0.27
H05                      9.50   11.05   11.99   39.67   -9.01   -9.16    0.25    0.23    0.27      0.46
H06                      8.88   11.37   15.84   40.19  -16.43  -18.48    0.21    0.22    0.31      0.40
H07                      8.17   11.55   20.00   40.48  -23.81  -27.31    0.16    0.20    0.36      0.35
H08                      7.55   11.86   25.63   40.99  -31.71  -37.18    0.10    0.14    0.41      0.31
H09                     35.86   39.74   38.45   69.28   -8.02   -8.01    0.62    0.53    0.46      0.37
H10                     33.92   39.79   45.13   69.32  -14.81  -16.44    0.58    0.51    0.44      0.34
H11                     32.17   40.09   52.70   69.53  -21.89  -24.76    0.53    0.49    0.28      0.35
H12                     30.83   40.80   61.83   70.04  -28.95  -33.31    0.47    0.45    0.13      0.31
H13                     32.89   48.19   63.40   74.95  -42.65  -26.37    0.47    0.45    0.13      0.35
H14                     49.28   32.92   53.49   64.10   54.52  -34.98    0.23    0.30    0.15      0.34
H15                     69.33   72.81   11.23   88.36   -1.88   77.06    0.10    0.12    0.19      0.27
H16                     22.51   23.58   19.49   55.66   -1.01   -0.08    0.45    0.37    0.27      0.44
H17                     39.11   26.47    7.10   58.48   49.09   40.11    0.15    0.17    0.13      0.27
H18                     22.12   37.64   10.42   67.75  -54.96   44.06    0.44    0.43    0.16      0.53
H19                     15.92   12.93   48.54   42.65   21.47  -66.45    0.28    0.26    0.17      0.34
H20                     10.21    5.21    0.26   27.31   49.83   42.10    0.22    0.11    0.01      0.33
H21                      3.36    8.00    1.08   33.98  -52.16   39.02    0.09    0.18    0.02      0.29
H22                      3.14    1.09   14.04    9.73   48.66  -66.45    0.04    0.02    0.16      0.24
I01                      4.34    4.45    6.36   25.10    0.70  -14.22    0.13    0.10    0.16      0.41
I02                      4.47    4.47   10.23   25.16    2.22  -28.74    0.10    0.09    0.24      0.38
I03                      4.50    4.32   15.49   24.69    4.67  -44.35    0.09    0.08    0.32      0.33
I04                      4.69    4.17   22.01   24.22    9.15  -59.38    0.06    0.05    0.30      0.29
I05                     13.79   14.27   18.21   44.62    0.18  -16.34    0.35    0.30    0.35      0.45
I06                     14.18   14.37   26.52   44.76    2.00  -32.24    0.34    0.31    0.42      0.40
I07                     14.68   14.55   36.70   45.01    4.01  -47.47    0.30    0.30    0.39      0.36
I08                     15.00   14.40   49.43   44.81    6.80  -63.75    0.26    0.29    0.19      0.34
I09                     38.16   39.57   39.77   69.16    0.03   -9.98    0.56    0.48    0.40      0.33
I10                     38.57   39.59   47.83   69.17    1.26  -19.89    0.62    0.53    0.41      0.31
I11                     38.62   39.25   57.03   68.93    2.50  -30.39    0.56    0.49    0.23      0.29
I12                     36.86   37.13   60.52   67.37    3.53  -36.61    0.56    0.49    0.14      0.29
I13                     29.13   44.41   62.89   72.50  -45.97  -30.09    0.39    0.41    0.10      0.31
I14                     45.60   27.86   50.88   59.76   63.03  -39.61    0.25    0.29    0.17      0.34
I15                     67.91   70.74    7.90   87.36   -0.63   86.72    0.14    0.12    0.10      0.20
I16                     13.04   13.78   11.17   43.91   -1.60    0.61    0.35    0.30    0.22      0.46
I17                     35.47   22.45    4.45   54.50   54.39   45.97    0.15    0.15    0.09      0.20
I18                     17.94   32.90    7.39   64.08  -59.76   48.59    0.36    0.37    0.12      0.46
I19                     12.61    8.94   45.44   35.87   30.23  -74.49    0.20    0.18    0.17      0.33
I20                      6.89    3.68    0.27   22.59   41.10   33.90    0.23    0.11    0.01      0.41
I21                      2.49    5.52    0.87   28.17  -42.63   32.34    0.07    0.13    0.02      0.31
I22                      2.25    0.92    8.84    8.32   38.04  -53.04    0.04    0.02    0.13      0.27
J01                      2.12    1.78    3.39   14.31    9.44  -16.74    0.06    0.04    0.08      0.33
J02                      2.45    1.64    6.03   13.50   19.81  -32.77    0.06    0.04    0.15      0.39
J03                      2.98    1.58   10.31   13.12   31.38  -49.76    0.05    0.03    0.21      0.37
J04                      3.58    1.54   16.39   12.83   42.51  -66.97    0.04    0.03    0.23      0.54
J05                     11.56   10.68   15.27   39.03    9.34  -19.06    0.32    0.26    0.31      0.48
J06                     13.15   10.71   24.02   39.08   19.94  -37.57    0.32    0.24    0.36      0.39
J07                     14.78   10.65   34.70   38.98   30.57  -55.03    0.31    0.24    0.34      0.33
J08                     15.89   10.11   45.68   38.04   41.15  -71.03    0.30    0.23    0.18      0.32
J09                     39.89   39.53   40.82   69.13    5.59  -11.38    0.52    0.46    0.44      0.30
J10                     41.87   39.28   50.43   68.95   12.47  -23.25    0.55    0.49    0.31      0.28
J11                     43.19   38.40   59.69   68.31   19.16  -34.17    0.53    0.48    0.14      0.26
J12                     40.93   34.93   58.28   65.70   23.65  -37.25    0.53    0.49    0.17      0.31
J13                     25.16   40.10   61.66   69.54  -49.17  -34.01    0.29    0.33    0.09      0.24
J14                     41.02   22.50   47.36   54.55   71.98  -44.56    0.26    0.26    0.21      0.34
J15                     67.13   69.18    5.43   86.59    0.94   96.16    0.13    0.12    0.06      0.15
J16                      6.70    7.05    5.72   31.92   -1.03    0.48    0.20    0.16    0.12      0.46
J17                     31.56   18.33    2.46   49.89   60.55   51.62    0.15    0.13    0.05      0.11
J18                     13.92   27.87    4.90   59.77  -64.32   52.59    0.27    0.31    0.06      0.43
J19                      9.61    5.54   40.19   28.23   41.17  -81.09    0.12    0.11    0.16      0.35
J20                      4.23    2.44    0.27   17.65   31.21   25.36    0.17    0.09    0.01      0.48
J21                      1.66    3.39    0.67   21.55  -32.81   24.46    0.05    0.09    0.01      0.36
J22                      1.52    0.74    5.02    6.70   27.63  -39.53    0.04    0.02    0.10      0.26
K01                      4.82    4.34    4.76   24.75    8.57   -6.98    0.16    0.12    0.12      0.43
K02                      5.46    4.18    6.01   24.25   18.49  -14.10    0.18    0.12    0.15      0.46
K03                      6.02    3.91    7.39   23.36   28.67  -21.60    0.19    0.11    0.17      0.44
K04                      6.55    3.58    9.03   22.21   39.26  -29.77    0.19    0.10    0.20      0.45
K05                     16.06   14.09   16.26   44.35   14.95  -12.32    0.40    0.32    0.34      0.43
K06                     18.93   13.96   21.50   44.17   31.22  -23.99    0.39    0.28    0.38      0.38
K07                     21.58   13.52   27.23   43.53   46.95  -35.55    0.37    0.26    0.36      0.37
K08                     24.30   12.95   33.79   42.68   62.91  -47.33    0.34    0.22    0.32      0.26
K09                     42.56   39.30   40.47   68.97   14.45  -11.21    0.50    0.45    0.46      0.31
K10                     47.25   38.79   49.74   68.60   29.56  -23.09    0.47    0.48    0.35      0.28
K11                     51.57   37.40   56.78   67.57   45.64  -32.47    0.36    0.46    0.20      0.41
K12                     49.95   32.78   53.92   63.98   56.81  -35.65    0.26    0.34    0.18      0.33
K13                     21.72   35.99   58.86   66.51  -51.45  -36.43    0.24    0.31    0.15      0.23
K14                     35.74   17.47   42.68   48.85   79.65  -48.72    0.20    0.16    0.19      0.19
K15                     66.84   67.58    3.50   85.80    3.74  105.80    0.10    0.11    0.03      0.10
K16                      2.88    3.08    2.52   20.36   -1.59    0.16    0.09    0.07    0.05      0.39
K17                     28.11   15.08    1.12   45.74   65.42   58.77    0.12    0.09    0.02      0.10
K18                     10.84   23.43    3.15   55.51  -66.91   55.96    0.22    0.28    0.03      0.36
K19                      7.65    3.27   36.59   21.09   54.97  -88.55    0.06    0.05    0.13      0.21
K20                      2.48    1.57    0.27   13.07   22.33   17.53    0.12    0.06    0.01      0.45
K21                      1.08    2.01    0.51   15.55  -24.04   17.19    0.04    0.06    0.01      0.30
K22                      1.04    0.59    2.78    5.37   18.46  -27.74    0.03    0.02    0.06      0.26
L01                      3.23    2.96    2.67   19.87    6.47   -1.91    0.12    0.09    0.06      0.38
L02                      3.62    2.84    2.86   19.38   14.84   -4.17    0.12    0.08    0.07      0.41
L03                      3.89    2.62    2.92   18.44   23.01   -6.29    0.14    0.08    0.06      0.45
L04                      4.20    2.42    3.13   17.57   31.19   -9.29    0.15    0.08    0.07      0.46
L05                     12.08   10.78    9.73   39.21   12.19   -2.88    0.32    0.25    0.22      0.45
L06                     14.07   10.71   10.69   39.08   25.78   -6.21    0.33    0.22    0.25      0.47
L07                     16.15   10.54   11.43   38.79   39.47   -9.01    0.35    0.22    0.26      0.43
L08                     17.73    9.84   12.26   37.55   53.48  -13.58    0.32    0.18    0.26      0.41
L09                     42.47   38.89   34.63   68.67   15.47   -3.75    0.46    0.42    0.45      0.32
L10                     47.43   38.31   36.65   68.25   31.57   -7.34    0.34    0.38    0.45      0.31
L11                     50.47   36.24   37.84   66.70   46.48  -11.62    0.32    0.40    0.45      0.36
L12                     47.68   32.07   38.51   63.40   53.13  -18.23    0.27    0.33    0.37      0.37
L13                     15.90   27.18   55.68   59.14  -49.70  -45.85    0.12    0.21    0.13      0.19
L14                     27.04   11.43   34.98   40.29   84.63  -53.18    0.12    0.06    0.11      0.09
L15                     64.50   63.19    2.35   83.54    8.22  110.52    0.12    0.15    0.02      0.10
L16                      0.45    0.53    0.44    4.80   -2.31    0.02    0.01    0.01    0.01      0.11
L17                     20.56    9.95    0.28   37.75   67.03   59.80    0.07    0.04    0.01      0.08
L18                      5.58   14.55    1.60   45.02  -69.55   51.44    0.09    0.16    0.02      0.14
L19                      5.21    1.39   27.12   11.87   68.91  -89.96    0.02    0.01    0.09      0.06
L20                      1.20    0.84    0.24    7.59   14.24    8.56    0.06    0.03    0.01      0.38
L21                      0.59    1.00    0.37    8.97  -14.67    8.53    0.02    0.02    0.01      0.24
L22                      0.62    0.42    1.24    3.84    8.31  -15.15    0.02    0.01    0.03      0.23
Dmin                    84.53   87.87   71.47   95.11   -0.37    0.93    0.09    0.09    0.07      0.02
GS01                    55.44   57.87   47.40   80.67   -0.90    0.43    0.50    0.44    0.52      0.29
GS02                    49.03   51.03   42.08   76.70   -0.48    0.04    0.51    0.45    0.52      0.32
GS03                    43.13   44.94   37.31   72.85   -0.61   -0.29    0.56    0.50    0.50      0.31
GS04                    37.92   39.63   32.84   69.20   -0.94   -0.19    0.56    0.50    0.54      0.38
GS05                    33.34   34.90   28.71   65.67   -1.07    0.16    0.60    0.54    0.51      0.41
GS06                    28.70   30.09   24.74   61.73   -1.20    0.16    0.58    0.52    0.48      0.43
GS07                    24.18   25.40   21.03   57.46   -1.35   -0.12    0.54    0.48    0.41      0.47
GS08                    20.56   21.58   17.94   53.58   -1.21   -0.28    0.52    0.46    0.40      0.47
GS09                    17.17   18.13   15.11   49.64   -1.65   -0.38    0.48    0.43    0.32      0.54
GS10                    14.24   15.08   12.37   45.74   -1.84    0.21    0.43    0.38    0.31      0.54
GS11                    11.61   12.27   10.03   41.64   -1.59    0.31    0.37    0.33    0.24      0.47
GS12                     9.29    9.78    7.99   37.45   -1.19    0.31    0.30    0.26    0.19      0.51
GS13                     7.41    7.84    6.49   33.65   -1.42   -0.06    0.23    0.20    0.15      0.50
GS14                     5.96    6.29    5.19   30.13   -1.13    0.02    0.20    0.17    0.12      0.44
GS15                     4.50    4.79    3.98   26.13   -1.57   -0.15    0.15    0.12    0.09      0.44
GS16                     3.33    3.55    2.92   22.11   -1.43    0.04    0.11    0.09    0.07      0.40
GS17                     2.34    2.51    2.09   17.95   -1.55   -0.16    0.07    0.06    0.04      0.36
GS18                     1.62    1.76    1.47   14.17   -1.97   -0.24    0.06    0.04    0.03      0.37
GS19                     1.01    1.11    0.96    9.89   -2.21   -0.66    0.04    0.03    0.02      0.34
GS20                     0.80    0.90    0.77    8.15   -2.94   -0.50    0.03    0.02    0.02      0.28
GS21                     0.57    0.66    0.54    5.94   -2.53    0.09    0.02    0.02    0.01      0.17
GS22                     0.33    0.39    0.32    3.53   -2.03    0.01    0.01    0.01    0.01      0.09
Dmax                     0.21    0.21    0.20    1.92    0.02   -0.41    0.01    0.01    0.01      0.06
END_DATA                                                                                     
