IT8.7/1                                                                                      
ORIGINATOR           "X-Rite, Inc."                                                          
DESCRIPTOR           "IT8.7/1 Reference Data File, 4x5 Ektachrome"                           
CREATED              "Wednesday, September 23, 2020"                                         
MANUFACTURER         "X-Rite, Inc."                                                          
PROD_DATE            "2020:09"                                                               
SERIAL               "Batch Average Data"                                                    
MATERIAL             "Kodak Ektachrome Product Family"                                       
NUMBER_OF_FIELDS           11                                                                
BEGIN_DATA_FORMAT                                                                            
SAMPLE_ID               XYZ_X   XYZ_Y   XYZ_Z   LAB_L   LAB_A   LAB_B STDEV_X STDEV_Y STDEV_Z  STDEV_DE
END_DATA_FORMAT                                                                              
NUMBER_OF_SETS 288                                                                           
#                                                                                            
BEGIN_DATA                                                                                   
#ID                        X       Y       Z       L       A       B     SD_X    SD_Y    SD_Z     SD_dE
A01                      2.26    2.05    1.60   15.74    6.29    1.06    0.06    0.05    0.03      0.25
A02                      2.49    1.91    1.40   15.02   14.05    2.09    0.05    0.04    0.02      0.27
A03                      2.76    1.78    1.20   14.30   22.42    3.41    0.07    0.04    0.02      0.30
A04                      3.09    1.72    1.07   13.92   29.87    4.61    0.07    0.04    0.02      0.30
A05                     11.48   10.30    7.74   38.38   11.59    2.88    0.22    0.22    0.11      0.47
A06                     13.81   10.37    6.83   38.50   26.68    6.81    0.24    0.20    0.14      0.51
A07                     15.85    9.88    5.84   37.63   42.71    9.74    0.24    0.18    0.11      0.43
A08                     18.18    9.51    4.82   36.94   58.51   13.70    0.21    0.13    0.11      0.42
A09                     39.73   37.48   28.07   67.64   11.56    4.60    0.37    0.39    0.30      0.38
A10                     43.93   37.31   25.82   67.51   24.79    8.21    0.37    0.39    0.30      0.36
A11                     47.76   36.38   23.18   66.81   38.67   11.80    0.31    0.36    0.30      0.37
A12                     45.02   32.33   19.86   63.62   44.71   12.88    0.29    0.35    0.25      0.43
A13                     66.58   74.91   65.53   89.35  -12.15   -3.57    0.27    0.22    0.12      0.11
A14                     72.57   70.19   63.12   87.09   10.46   -5.17    0.19    0.24    0.13      0.13
A15                     77.06   81.27   49.39   92.25   -2.60   18.11    0.12    0.12    0.35      0.20
A16                     77.44   80.56   64.64   91.93   -0.48    1.74    0.15    0.15    0.16      0.07
A17                     69.35   67.61   46.88   85.81    9.14    9.90    0.22    0.28    0.36      0.21
A18                     62.49   71.48   48.21   87.72  -14.37   11.63    0.30    0.24    0.37      0.22
A19                     59.31   61.91   62.89   82.86   -0.92  -12.22    0.38    0.37    0.15      0.18
A20                     11.49   19.17   35.80   50.89  -42.28  -36.07    0.10    0.17    0.34      0.38
A21                     19.93    8.90   24.54   35.78   72.40  -44.21    0.17    0.09    0.19      0.21
A22                     43.39   42.86    1.83   71.46    6.17   94.58    0.34    0.38    0.03      0.19
B01                      3.29    3.06    1.90   20.30    5.73    5.72    0.09    0.08    0.03      0.33
B02                      3.62    2.90    1.23   19.63   13.89   12.21    0.08    0.07    0.02      0.27
B03                      3.99    2.71    0.64   18.83   22.75   20.31    0.10    0.07    0.01      0.28
B04                      4.36    2.58    0.28   18.27   30.39   26.23    0.09    0.06    0.01      0.22
B05                     11.66   10.28    5.59   38.35   13.01   12.19    0.23    0.22    0.06      0.41
B06                     14.32   10.36    3.25   38.47   29.96   25.90    0.26    0.21    0.04      0.39
B07                     16.65    9.81    1.50   37.50   47.83   39.63    0.24    0.17    0.02      0.32
B08                     18.73    9.11    0.48   36.19   64.60   53.27    0.15    0.08    0.01      0.11
B09                     38.93   37.49   25.04   67.64    9.01    9.82    0.38    0.40    0.29      0.41
B10                     41.78   36.92   20.06   67.22   19.65   18.67    0.35    0.39    0.25      0.37
B11                     45.00   36.57   15.98   66.95   30.29   27.31    0.29    0.32    0.31      0.45
B12                     46.01   34.76   12.45   65.56   39.18   34.17    0.23    0.29    0.43      0.64
B13                     60.12   70.02   65.06   87.01  -16.86   -7.16    0.29    0.23    0.12      0.14
B14                     69.36   64.67   62.30   84.31   15.61   -9.15    0.23    0.30    0.10      0.18
B15                     75.92   80.52   42.57   91.92   -3.44   25.67    0.11    0.11    0.37      0.21
B16                     68.82   71.77   57.70   87.86   -0.83    1.56    0.27    0.27    0.18      0.13
B17                     63.88   60.15   39.17   81.92   13.81   12.82    0.27    0.33    0.37      0.20
B18                     55.30   66.37   41.47   85.18  -20.70   15.45    0.32    0.26    0.39      0.25
B19                     50.60   52.59   60.96   77.63   -0.26  -19.36    0.44    0.44    0.15      0.24
B20                      7.99   12.78   22.79   42.43  -33.90  -29.50    0.12    0.21    0.27      0.51
B21                     13.48    6.31   16.00   30.17   60.51  -36.13    0.16    0.08    0.18      0.30
B22                     27.77   27.76    1.42   59.67    4.02   78.80    0.41    0.42    0.03      0.30
C01                      4.47    4.56    2.57   25.45    0.99    8.58    0.12    0.12    0.04      0.35
C02                      4.67    4.51    1.47   25.29    4.30   19.02    0.11    0.11    0.02      0.26
C03                      4.86    4.43    0.70   25.04    7.78   30.05    0.11    0.11    0.02      0.16
C04                      5.89    5.04    0.52   26.83   12.26   36.53    0.14    0.12    0.01      0.27
C05                     21.05   20.56   10.49   52.46    5.96   17.48    0.28    0.29    0.30      0.66
C06                     22.34   20.25    5.75   52.12   13.48   35.14    0.35    0.34    0.07      0.39
C07                     24.30   20.46    2.75   52.35   21.21   53.48    0.34    0.32    0.04      0.30
C08                     26.36   20.77    0.97   52.70   28.41   72.97    0.39    0.37    0.02      0.30
C09                     45.09   44.49   24.53   72.56    6.38   19.21    0.38    0.41    0.27      0.33
C10                     47.47   43.90   15.82   72.16   14.78   36.69    0.31    0.33    0.30      0.39
C11                     50.31   43.96   10.13   72.20   22.36   52.67    0.28    0.34    0.19      0.37
C12                     51.27   42.81    5.41   71.42   28.26   70.11    0.26    0.33    0.08      0.29
C13                     54.50   66.03   64.63   85.01  -21.99  -10.19    0.35    0.29    0.13      0.20
C14                     66.69   59.88   60.99   81.77   20.74  -12.25    0.28    0.35    0.11      0.21
C15                     74.41   79.10   35.43   91.28   -3.77   34.09    0.13    0.13    0.38      0.26
C16                     65.36   68.22   54.84   86.11   -0.92    1.53    0.27    0.29    0.20      0.15
C17                     58.80   53.16   31.40   77.97   18.97   17.10    0.26    0.33    0.32      0.35
C18                     48.24   61.09   34.56   82.43  -27.32   20.07    0.33    0.27    0.40      0.30
C19                     42.21   43.66   59.30   72.00    0.35  -27.42    0.44    0.45    0.15      0.30
C20                      5.15    7.92   13.36   33.81  -26.37  -23.11    0.10    0.16    0.20      0.59
C21                      8.17    4.01    9.54   23.72   48.41  -28.95    0.13    0.07    0.16      0.33
C22                     16.76   17.09    1.11   48.38    1.54   63.40    0.31    0.31    0.02      0.29
D01                      4.15    4.55    2.79   25.42   -3.34    6.72    0.09    0.10    0.04      0.35
D02                      4.17    4.64    1.87   25.67   -4.12   15.21    0.10    0.12    0.03      0.33
D03                      4.11    4.65    1.15   25.72   -5.15   23.74    0.10    0.12    0.02      0.35
D04                      4.34    4.94    0.62   26.56   -5.57   34.13    0.11    0.14    0.02      0.35
D05                     23.52   24.96   13.74   57.04   -2.40   15.91    0.32    0.34    0.30      0.65
D06                     23.67   25.35    9.34   57.41   -3.40   29.84    0.33    0.34    0.16      0.50
D07                     23.64   25.50    5.63   57.56   -4.11   45.10    0.34    0.34    0.07      0.40
D08                     23.47   25.69    3.09   57.74   -5.68   60.23    0.38    0.39    0.04      0.37
D09                     50.07   52.64   25.91   77.66   -1.81   25.55    0.34    0.36    0.28      0.28
D10                     49.50   52.35   14.77   77.49   -2.61   48.48    0.29    0.30    0.39      0.39
D11                     49.41   52.68    7.72   77.68   -3.68   70.74    0.36    0.38    0.13      0.21
D12                     49.04   53.24    3.06   78.02   -6.13   95.40    0.30    0.27    0.04      0.13
D13                     49.69   62.51   64.21   83.19  -26.66  -12.94    0.38    0.32    0.12      0.23
D14                     63.31   54.39   59.86   78.69   26.44  -16.44    0.28    0.34    0.12      0.19
D15                     72.97   77.60   28.80   90.60   -3.82   42.98    0.15    0.15    0.33      0.23
D16                     61.34   64.04   51.53   83.99   -0.97    1.45    0.30    0.31    0.25      0.18
D17                     54.18   46.54   24.63   73.90   25.12   21.34    0.28    0.33    0.30      0.33
D18                     41.21   55.28   27.77   79.20  -33.72   25.03    0.38    0.32    0.34      0.27
D19                     34.95   35.64   57.03   66.24    2.00  -35.02    0.41    0.43    0.17      0.31
D20                      3.39    4.90    7.90   26.46  -19.14  -18.29    0.07    0.12    0.23      0.62
D21                      4.81    2.57    5.77   18.24   36.51  -23.35    0.07    0.04    0.21      0.45
D22                      9.25    9.54    0.86   37.00    0.48   47.73    0.18    0.20    0.02      0.30
E01                      3.94    4.66    2.60   25.74   -7.74    8.77    0.08    0.10    0.04      0.38
E02                      3.62    4.75    1.56   26.02  -13.76   19.20    0.09    0.12    0.03      0.28
E03                      3.38    4.84    0.77   26.27  -18.66   30.87    0.09    0.14    0.02      0.33
E04                      3.72    5.71    0.74   28.67  -23.57   35.40    0.09    0.14    0.02      0.30
E05                     11.34   13.58    6.64   43.63  -12.08   16.46    0.21    0.24    0.08      0.43
E06                     10.29   14.05    3.47   44.30  -22.78   34.44    0.21    0.26    0.05      0.37
E07                     10.10   15.40    1.34   46.17  -32.30   56.49    0.18    0.24    0.03      0.27
E08                     10.32   17.41    1.42   48.77  -41.76   59.99    0.15    0.22    0.03      0.22
E09                     33.57   37.68   22.11   67.78   -9.38   15.53    0.38    0.42    0.27      0.34
E10                     31.08   37.28   15.86   67.48  -17.03   28.53    0.33    0.35    0.31      0.42
E11                     29.57   38.07   11.41   68.07  -25.22   41.55    0.37    0.39    0.19      0.30
E12                     28.12   39.19    7.97   68.89  -34.33   54.61    0.34    0.34    0.11      0.26
E13                     44.62   58.39   63.59   80.95  -31.16  -16.20    0.36    0.31    0.12      0.23
E14                     59.68   49.09   58.22   75.51   31.67  -20.26    0.32    0.39    0.14      0.22
E15                     71.29   75.89   23.37   89.81   -3.96   51.10    0.14    0.16    0.33      0.25
E16                     57.63   60.12   48.27   81.90   -0.81    1.53    0.31    0.31    0.27      0.22
E17                     49.67   40.60   18.66   69.90   30.57   26.27    0.30    0.35    0.24      0.38
E18                     35.36   50.41   22.21   76.32  -40.03   30.04    0.32    0.28    0.27      0.30
E19                     28.81   28.80   54.71   60.61    4.08  -42.31    0.39    0.41    0.19      0.36
E20                      2.01    2.75    3.98   19.00  -13.27  -12.44    0.05    0.07    0.07      0.36
E21                      2.71    1.63    3.12   13.38   25.45  -16.44    0.06    0.04    0.06      0.23
E22                      4.85    5.07    0.67   26.92   -0.47   33.87    0.12    0.13    0.02      0.28
F01                      1.64    2.26    1.48   16.80  -12.90    4.20    0.04    0.05    0.02      0.26
F02                      1.32    2.41    1.29   17.49  -24.78    7.77    0.03    0.06    0.02      0.28
F03                      1.12    2.56    1.03   18.19  -34.16   12.56    0.02    0.06    0.02      0.30
F04                      1.27    2.99    1.07   20.00  -37.11   15.12    0.03    0.08    0.02      0.34
F05                      6.21    8.37    5.75   34.73  -18.28    5.17    0.12    0.17    0.07      0.42
F06                      5.16    9.04    4.64   36.07  -35.96   13.15    0.11    0.18    0.08      0.31
F07                      3.95    9.46    3.76   36.85  -55.52   19.68    0.06    0.14    0.05      0.24
F08                      4.22   11.27    3.40   40.03  -65.37   27.57    0.05    0.11    0.06      0.16
F09                     32.05   38.10   27.40   68.10  -16.12    6.51    0.40    0.44    0.29      0.35
F10                     28.60   38.59   24.85   68.45  -30.56   11.56    0.33    0.35    0.28      0.28
F11                     26.07   39.74   22.07   69.28  -44.30   18.18    0.28    0.30    0.26      0.25
F12                     23.46   39.81   18.91   69.33  -55.66   24.74    0.25    0.25    0.26      0.27
F13                     39.90   54.57   62.56   78.79  -35.98  -18.92    0.29    0.25    0.15      0.20
F14                     56.62   44.09   56.87   72.29   38.16  -24.43    0.33    0.39    0.14      0.26
F15                     70.57   74.74   18.70   89.27   -3.16   59.58    0.15    0.17    0.41      0.39
F16                     38.87   40.67   32.90   69.94   -1.09    0.98    0.43    0.45    0.33      0.35
F17                     46.21   35.85   14.44   66.40   36.11   30.21    0.28    0.32    0.30      0.53
F18                     30.35   46.04   17.65   73.57  -45.98   34.84    0.29    0.26    0.39      0.45
F19                     23.45   22.60   52.16   54.66    7.52  -49.81    0.30    0.34    0.18      0.37
F20                      0.98    1.27    1.59   11.10   -8.47   -6.86    0.02    0.03    0.04      0.28
F21                      1.26    0.89    1.38    8.02   14.34   -9.72    0.02    0.02    0.03      0.31
F22                      2.08    2.16    0.47   16.32   -0.21   19.35    0.05    0.05    0.03      0.49
G01                      2.63    3.29    2.90   21.17   -9.71   -1.39    0.06    0.08    0.05      0.30
G02                      2.32    3.36    3.06   21.44  -17.12   -2.15    0.05    0.08    0.05      0.39
G03                      1.99    3.42    3.29   21.66  -25.08   -3.38    0.05    0.09    0.05      0.47
G04                      1.61    3.29    3.46   21.16  -32.49   -5.41    0.03    0.07    0.05      0.41
G05                      8.44   10.67    9.60   39.01  -15.08   -2.77    0.15    0.21    0.24      0.64
G06                      7.29   11.22   10.39   39.94  -29.70   -3.79    0.12    0.17    0.29      0.64
G07                      6.43   12.17   11.28   41.49  -45.04   -3.89    0.08    0.16    0.26      0.57
G08                      5.48   12.54   11.97   42.06  -58.00   -4.98    0.05    0.10    0.25      0.45
G09                     32.34   38.22   32.52   68.18  -15.45   -1.48    0.38    0.41    0.31      0.35
G10                     28.82   38.56   34.11   68.43  -29.61   -3.41    0.32    0.35    0.33      0.26
G11                     27.10   40.73   36.30   69.99  -43.13   -3.84    0.27    0.28    0.37      0.22
G12                     24.08   40.48   36.89   69.81  -55.00   -4.97    0.22    0.23    0.39      0.33
G13                     36.25   51.27   62.38   76.84  -39.32  -22.12    0.28    0.24    0.14      0.21
G14                     53.00   38.95   54.40   68.72   44.42  -27.99    0.36    0.41    0.19      0.25
G15                     69.89   73.91   15.09   88.88   -2.93   67.34    0.17    0.20    0.45      0.42
G16                     28.89   30.44   24.66   62.03   -1.76    0.83    0.38    0.39    0.27      0.43
G17                     41.76   30.28   10.50   61.89   42.57   33.73    0.30    0.34    0.34      0.61
G18                     25.77   41.26   13.99   70.36  -50.15   38.21    0.24    0.23    0.39      0.41
G19                     19.58   17.86   50.18   49.32   12.34  -56.81    0.26    0.31    0.20      0.33
G20                     14.51    7.30    0.30   32.48   56.96   50.30    0.17    0.09    0.01      0.21
G21                      5.01   11.47    1.33   40.35  -56.29   46.67    0.07    0.13    0.02      0.15
G22                      4.18    1.38   19.83   11.82   55.81  -76.37    0.04    0.01    0.21      0.21
H01                      2.74    3.23    3.55   20.95   -6.75   -6.35    0.05    0.07    0.05      0.30
H02                      2.51    3.25    4.38   21.01  -11.44  -11.33    0.05    0.08    0.06      0.39
H03                      2.27    3.24    5.31   20.98  -16.17  -16.37    0.05    0.08    0.06      0.45
H04                      1.98    3.18    6.37   20.77  -21.66  -21.74    0.03    0.06    0.10      0.55
H05                      8.93   10.36   11.19   38.48   -8.67   -8.82    0.17    0.22    0.24      0.67
H06                      8.29   10.59   14.30   38.89  -15.93  -16.86    0.14    0.21    0.18      0.54
H07                      7.83   11.07   18.32   39.70  -23.61  -25.06    0.10    0.17    0.18      0.47
H08                      7.75   12.18   24.11   41.51  -32.07  -33.56    0.10    0.18    0.25      0.40
H09                     34.24   38.41   36.55   68.32   -9.41   -7.07    0.39    0.42    0.33      0.35
H10                     32.40   38.56   43.40   68.43  -16.33  -15.85    0.38    0.41    0.32      0.28
H11                     30.71   38.87   50.63   68.66  -23.43  -23.98    0.34    0.37    0.27      0.20
H12                     30.27   40.39   59.64   69.75  -29.79  -31.63    0.30    0.33    0.14      0.18
H13                     32.61   48.05   60.88   74.86  -43.29  -24.06    0.27    0.26    0.15      0.21
H14                     49.21   33.95   52.67   64.92   50.76  -32.67    0.37    0.41    0.21      0.31
H15                     68.75   72.17   11.12   88.05   -1.81   76.86    0.14    0.16    0.16      0.24
H16                     20.51   21.63   17.58   53.63   -1.66    0.60    0.34    0.36    0.20      0.48
H17                     38.44   26.16    7.16   58.19   48.22   39.37    0.32    0.33    0.11      0.44
H18                     21.92   37.41   10.57   67.58  -55.12   43.29    0.29    0.28    0.17      0.39
H19                     15.70   13.26   47.31   43.15   18.06  -64.16    0.24    0.29    0.26      0.35
H20                      9.87    5.24    0.29   27.40   46.79   41.76    0.19    0.11    0.01      0.35
H21                      3.65    7.98    1.07   33.93  -47.36   39.14    0.07    0.13    0.02      0.21
H22                      3.11    1.18   13.43   10.38   45.47  -63.70    0.04    0.01    0.16      0.20
I01                      4.39    4.62    6.44   25.61   -0.88  -13.74    0.08    0.10    0.10      0.45
I02                      4.48    4.67    9.68   25.77   -0.33  -25.87    0.09    0.10    0.23      0.63
I03                      4.49    4.55   14.39   25.42    1.33  -40.33    0.06    0.08    0.15      0.52
I04                      4.57    4.41   20.86   25.00    4.24  -55.78    0.05    0.07    0.23      0.51
I05                     12.69   13.23   16.49   43.10   -0.43  -15.02    0.19    0.23    0.18      0.49
I06                     13.34   13.65   24.56   43.72    1.15  -30.56    0.20    0.25    0.26      0.51
I07                     14.03   14.12   35.06   44.40    2.65  -46.21    0.20    0.27    0.24      0.48
I08                     14.71   14.48   47.58   44.91    4.66  -61.45    0.17    0.24    0.20      0.36
I09                     36.49   38.32   37.88   68.25   -1.49   -9.02    0.45    0.48    0.32      0.32
I10                     37.01   38.58   46.19   68.45   -0.62  -19.22    0.43    0.46    0.28      0.27
I11                     37.09   38.38   54.99   68.30    0.27  -29.35    0.41    0.44    0.19      0.24
I12                     35.57   36.63   58.84   66.99    0.87  -35.58    0.41    0.44    0.15      0.31
I13                     28.98   44.38   60.42   72.48  -46.44  -27.70    0.28    0.29    0.17      0.22
I14                     45.92   29.16   50.46   60.92   58.92  -37.14    0.33    0.32    0.17      0.20
I15                     67.23   70.05    7.99   87.02   -0.69   85.79    0.15    0.17    0.09      0.18
I16                     11.91   12.58   10.57   42.12   -1.50   -0.60    0.21    0.23    0.32      0.64
I17                     34.97   22.34    4.62   54.39   53.15   44.87    0.31    0.28    0.07      0.30
I18                     17.97   32.87    7.59   64.05  -59.43   47.74    0.26    0.28    0.10      0.28
I19                     12.62    9.48   44.62   36.89   25.90  -71.74    0.17    0.19    0.23      0.27
I20                      6.60    3.75    0.32   22.82   37.19   33.22    0.15    0.09    0.01      0.36
I21                      2.66    5.40    0.89   27.84  -37.95   31.44    0.06    0.12    0.02      0.25
I22                      2.24    0.99    8.40    8.90   35.39  -50.46    0.03    0.01    0.15      0.25
J01                      2.24    1.99    3.56   15.44    7.08  -15.92    0.04    0.04    0.05      0.28
J02                      2.62    1.92    6.30   15.08   16.30  -31.25    0.04    0.03    0.18      0.48
J03                      3.04    1.89    9.85   14.88   24.87  -45.23    0.04    0.03    0.12      0.37
J04                      3.75    1.95   16.11   15.24   34.76  -62.16    0.03    0.02    0.16      0.42
J05                     10.89   10.36   13.99   38.48    6.90  -16.75    0.18    0.21    0.17      0.52
J06                     12.47   10.65   22.57   38.98   15.89  -35.03    0.20    0.24    0.21      0.55
J07                     14.29   10.86   33.71   39.34   26.04  -52.98    0.18    0.19    0.21      0.44
J08                     15.83   10.82   45.36   39.27   35.59  -68.55    0.21    0.21    0.21      0.27
J09                     38.41   38.51   39.06   68.39    4.14  -10.35    0.43    0.45    0.31      0.35
J10                     40.69   38.67   48.72   68.51   10.74  -22.07    0.41    0.43    0.22      0.25
J11                     42.20   38.10   58.11   68.09   17.16  -32.94    0.42    0.44    0.16      0.23
J12                     39.93   34.81   56.87   65.60   20.96  -35.96    0.42    0.43    0.16      0.31
J13                     25.30   40.36   59.32   69.72  -49.39  -31.35    0.24    0.26    0.18      0.23
J14                     41.62   23.86   47.44   55.94   67.79  -42.25    0.26    0.23    0.13      0.16
J15                     66.52   68.63    5.58   86.32    0.76   94.94    0.12    0.12    0.08      0.17
J16                      6.52    6.98    5.79   31.76   -2.15   -0.17    0.14    0.15    0.08      0.36
J17                     31.33   18.47    2.73   50.06   59.02   49.66    0.23    0.18    0.04      0.23
J18                     14.24   28.17    5.24   60.04  -63.48   51.32    0.19    0.21    0.07      0.28
J19                      9.70    6.10   39.53   29.67   35.71  -77.73    0.10    0.10    0.19      0.22
J20                      4.12    2.56    0.30   18.18   27.49   25.58    0.09    0.06    0.01      0.26
J21                      1.87    3.49    0.75   21.91  -29.19   23.67    0.05    0.09    0.02      0.26
J22                      1.65    0.83    5.30    7.50   27.50  -39.57    0.03    0.01    0.17      0.41
K01                      4.76    4.41    4.88   24.98    6.75   -7.27    0.10    0.10    0.05      0.34
K02                      5.33    4.24    6.13   24.43   16.14  -14.35    0.11    0.09    0.11      0.44
K03                      5.89    4.03    7.41   23.76   25.55  -20.98    0.10    0.08    0.24      0.55
K04                      6.38    3.79    8.72   22.97   34.23  -27.36    0.09    0.06    0.18      0.45
K05                     14.76   13.29   14.82   43.19   12.31  -10.77    0.28    0.32    0.18      0.56
K06                     17.77   13.58   19.93   43.63   27.53  -21.74    0.29    0.28    0.22      0.53
K07                     20.74   13.54   26.00   43.57   42.84  -33.38    0.25    0.22    0.20      0.41
K08                     24.26   13.56   33.21   43.60   58.77  -44.90    0.28    0.21    0.18      0.34
K09                     41.38   38.55   38.78   68.43   13.23   -9.93    0.38    0.41    0.28      0.38
K10                     46.50   38.60   48.10   68.46   28.03  -21.44    0.39    0.41    0.21      0.28
K11                     50.97   37.55   55.51   67.69   43.56  -30.95    0.36    0.42    0.20      0.26
K12                     50.37   34.23   53.44   65.15   52.93  -33.12    0.34    0.37    0.18      0.25
K13                     21.89   36.24   56.65   66.70  -51.46  -33.84    0.14    0.18    0.17      0.14
K14                     36.42   18.61   43.13   50.23   75.94  -46.90    0.24    0.17    0.13      0.10
K15                     66.65   67.60    3.89   85.81    3.26  103.28    0.13    0.11    0.05      0.16
K16                      2.99    3.23    2.74   20.95   -2.22   -0.57    0.07    0.07    0.03      0.34
K17                     27.86   15.20    1.37   45.90   63.72   55.69    0.20    0.14    0.02      0.19
K18                     11.29   23.94    3.48   56.03  -65.90   54.59    0.13    0.16    0.04      0.22
K19                      7.89    3.79   36.78   22.96   49.14  -85.59    0.06    0.06    0.15      0.17
K20                      2.54    1.75    0.29   14.13   19.00   18.85    0.07    0.05    0.01      0.30
K21                      1.32    2.24    0.58   16.70  -21.34   17.75    0.03    0.05    0.01      0.20
K22                      1.17    0.68    2.97    6.14   19.35  -27.86    0.02    0.01    0.05      0.16
L01                      3.26    3.07    2.89   20.34    5.07   -2.79    0.07    0.07    0.05      0.28
L02                      3.67    3.00    3.12   20.03   12.87   -5.02    0.08    0.07    0.06      0.34
L03                      3.91    2.80    3.18   19.20   20.00   -6.86    0.08    0.06    0.04      0.26
L04                      4.36    2.73    3.40   18.95   27.56   -8.85    0.09    0.06    0.05      0.26
L05                     11.24   10.33    9.56   38.42    9.62   -3.64    0.16    0.18    0.27      0.67
L06                     13.13   10.32   10.18   38.40   22.78   -5.77    0.21    0.19    0.25      0.63
L07                     15.27   10.31   10.74   38.39   36.03   -7.55    0.23    0.18    0.19      0.53
L08                     17.27    9.96   11.49   37.76   50.11  -10.95    0.24    0.16    0.15      0.46
L09                     41.06   37.76   32.71   67.84   14.79   -2.36    0.38    0.41    0.32      0.40
L10                     46.16   37.40   34.79   67.57   30.92   -5.87    0.35    0.37    0.31      0.39
L11                     49.44   35.78   36.35   66.35   45.24  -10.19    0.29    0.36    0.32      0.33
L12                     47.39   32.66   37.52   63.88   50.26  -16.06    0.29    0.35    0.31      0.36
L13                     16.36   28.15   53.94   60.02  -50.86  -42.49    0.07    0.14    0.13      0.14
L14                     26.48   11.35   34.48   40.17   82.88  -52.68    0.14    0.07    0.07      0.11
L15                     63.58   61.84    2.25   82.83    9.22  110.23    0.23    0.25    0.03      0.14
L16                      0.69    0.80    0.67    7.23   -3.21   -0.10    0.01    0.02    0.01      0.17
L17                     20.00    9.74    0.32   37.37   65.93   58.42    0.16    0.08    0.02      0.35
L18                      6.43   15.64    1.67   46.50  -66.64   53.27    0.08    0.16    0.03      0.32
L19                      5.23    1.52   26.67   12.74   65.36  -87.69    0.03    0.03    0.13      0.62
L20                      1.34    1.04    0.29    9.35   10.94   10.65    0.05    0.06    0.05      0.58
L21                      0.85    1.26    0.45   10.95  -13.10   10.32    0.07    0.08    0.08      0.65
L22                      0.81    0.56    1.47    5.03   10.84  -15.90    0.10    0.11    0.12      1.08
Dmin                    84.29   87.84   69.30   95.09   -0.77    2.85    0.20    0.21    0.16      0.05
GS01                    53.90   56.34   45.34   79.81   -1.08    1.39    0.39    0.41    0.37      0.26
GS02                    47.26   49.35   39.86   75.67   -0.91    1.13    0.42    0.45    0.39      0.28
GS03                    41.04   43.04   34.96   71.58   -1.39    0.80    0.39    0.42    0.37      0.39
GS04                    35.70   37.61   30.52   67.73   -1.90    0.82    0.38    0.41    0.41      0.40
GS05                    31.04   32.76   26.37   63.96   -1.98    1.13    0.35    0.37    0.29      0.41
GS06                    26.47   27.97   22.54   59.86   -2.01    1.03    0.36    0.40    0.25      0.43
GS07                    22.13   23.42   19.05   55.50   -2.08    0.59    0.36    0.37    0.20      0.42
GS08                    18.65   19.77   16.18   51.57   -2.10    0.32    0.29    0.32    0.20      0.45
GS09                    15.48   16.48   13.71   47.60   -2.38   -0.28    0.23    0.26    0.23      0.55
GS10                    12.92   13.71   11.50   43.82   -2.01   -0.54    0.23    0.25    0.30      0.59
GS11                    10.83   11.47    9.78   40.36   -1.64   -1.06    0.20    0.23    0.32      0.63
GS12                     8.95    9.48    7.98   36.89   -1.63   -0.61    0.22    0.25    0.13      0.44
GS13                     7.17    7.69    6.52   33.33   -2.40   -0.78    0.15    0.17    0.10      0.37
GS14                     5.89    6.31    5.31   30.18   -2.17   -0.51    0.13    0.14    0.07      0.37
GS15                     4.51    4.89    4.12   26.41   -2.72   -0.48    0.10    0.10    0.06      0.26
GS16                     3.46    3.72    3.15   22.71   -2.00   -0.61    0.07    0.07    0.04      0.25
GS17                     2.47    2.70    2.36   18.79   -2.52   -1.20    0.06    0.06    0.04      0.21
GS18                     1.78    1.96    1.65   15.25   -2.51   -0.45    0.05    0.05    0.03      0.22
GS19                     1.25    1.36    1.20   11.72   -2.14   -1.06    0.03    0.03    0.02      0.19
GS20                     1.08    1.19    1.05   10.46   -2.29   -0.99    0.03    0.03    0.02      0.17
GS21                     0.80    0.91    0.77    8.21   -3.19   -0.36    0.02    0.02    0.02      0.19
GS22                     0.56    0.67    0.55    6.06   -3.41    0.09    0.03    0.03    0.02      0.13
Dmax                     0.23    0.24    0.21    2.18   -0.17   -0.26    0.01    0.01    0.01      0.03
END_DATA                                                                                     
