IT8.7/1                                                                              
ORIGINATOR           "X-Rite, Inc."
DESCRIPTOR           "IT8.7/1 Reference Data File, 4x5 Fujicolor, ver2.2"
CREATED              "Thursday, September 16, 2021"
MANUFACTURER         "X-Rite, Inc."
PROD_DATE            "2021:Lot 12"
SERIAL               "Batch Average Data"
MATERIAL             "Fuji Fujicolor Product Family"
NUMBER_OF_FIELDS           11
BEGIN_DATA_FORMAT
SAMPLE_ID               XYZ_X   XYZ_Y   XYZ_Z   LAB_L   LAB_A   LAB_B STDEV_X STDEV_Y STDEV_Z  STDEV_DE
END_DATA_FORMAT
NUMBER_OF_SETS 288
#
BEGIN_DATA
#ID                        X       Y       Z       L       A       B     SD_X     SD_Y    SD_Z     SD_dE
A01                      4.39    3.94    3.76   23.47    8.36   -3.36    0.17     0.16    0.10      0.48
A02                      4.81    3.59    3.24   22.28   19.05   -2.00    0.14     0.11    0.08      0.30
A03                      4.78    2.84    2.58   19.37   31.24   -2.04    0.19     0.12    0.09      0.49
A04                      5.20    2.70    2.25   18.78   38.96   -0.22    0.13     0.07    0.05      0.34
A05                     19.41   17.58   14.80   48.98   12.94   -0.76    0.50     0.51    0.33      0.56
A06                     22.32   17.01   13.07   48.27   29.97    2.60    0.45     0.42    0.29      0.35
A07                     24.65   15.88   11.61   46.81   46.57    4.30    0.69     0.54    0.38      0.44
A08                     25.26   13.12    9.12   42.94   65.88    5.64    0.38     0.25    0.24      0.21
A09                     49.94   47.41   38.82   74.45   11.67    0.40    0.81     0.88    0.70      0.52
A10                     52.86   45.76   36.31   73.39   23.91    2.01    0.69     0.79    0.72      0.35
A11                     56.87   44.96   34.50   72.86   36.29    3.67    0.68     0.86    0.81      0.17
A12                     53.44   40.06   30.38   69.51   42.11    4.10    0.57     0.66    0.64      0.11
A13                     69.64   76.41   67.94   90.05   -8.50   -4.61    0.59     0.49    0.23      0.19
A14                     76.29   73.92   66.85   88.89   10.35   -5.60    0.31     0.39    0.29      0.16
A15                     79.93   83.73   56.95   93.33   -1.58   11.77    0.40     0.38    0.72      0.12
A16                     78.84   81.57   67.60   92.38    0.38   -0.27    0.37     0.39    0.37      0.17
A17                     74.41   73.00   54.67   88.45    8.43    5.73    0.46     0.57    0.68      0.24
A18                     66.77   74.48   54.79   89.15  -10.86    6.81    0.38     0.34    0.47      0.13
A19                     64.11   66.02   65.39   85.01    1.03  -10.92    0.40     0.42    0.21      0.18
A20                     11.25   18.98   38.51   50.66  -43.01  -40.19    0.17     0.25    0.42      0.27
A21                     25.29   10.88   28.11   39.37   81.38  -44.21    0.27     0.14    0.26      0.24
A22                     50.54   51.47    2.16   76.96    2.44  100.86    0.46     0.42    0.02      0.44
B01                      6.21    5.70    4.45   28.65    7.94    1.44    0.22     0.21    0.15      0.53
B02                      6.96    5.62    2.90   28.43   16.63   11.08    0.18     0.17    0.07      0.41
B03                      7.09    4.87    1.27   26.36   26.88   23.24    0.27     0.20    0.06      0.60
B04                      7.47    4.25    0.35   24.48   38.67   35.65    0.19     0.11    0.01      0.57
B05                     19.94   17.98   11.25   49.46   13.52    9.92    0.52     0.53    0.29      0.62
B06                     22.93   17.21    7.26   48.51   31.66   22.29    0.42     0.39    0.17      0.36
B07                     25.46   15.75    3.79   46.64   50.76   36.40    0.73     0.55    0.17      0.50
B08                     23.19   11.10    0.63   39.75   70.63   56.66    0.33     0.18    0.03      0.30
B09                     50.27   48.90   36.82   75.38    8.52    4.73    1.03     1.12    0.89      0.66
B10                     52.54   47.74   30.94   74.66   17.63   12.10    0.85     0.97    0.85      0.45
B11                     55.13   46.94   26.66   74.14   26.42   18.20    0.98     1.14    0.90      0.40
B12                     54.99   44.08   21.20   72.28   34.14   25.07    0.74     0.88    0.65      0.18
B13                     65.59   73.80   68.08   88.83  -12.12   -6.84    1.04     0.94    0.55      0.36
B14                     74.73   69.80   66.39   86.90   15.76   -8.61    0.50     0.65    0.44      0.24
B15                     79.21   83.58   50.31   93.27   -2.69   18.81    0.56     0.54    1.00      0.10
B16                     74.03   76.66   63.48   90.16    0.24   -0.21    0.51     0.56    0.59      0.26
B17                     72.13   68.44   49.22   86.23   13.25    7.90    0.73     0.90    0.90      0.36
B18                     61.74   71.60   49.42   87.77  -16.36   10.34    0.52     0.44    0.61      0.14
B19                     58.15   59.30   65.40   81.45    2.38  -17.05    0.57     0.65    0.35      0.28
B20                      9.87   15.94   30.53   46.89  -37.23  -35.13    0.23     0.34    0.57      0.45
B21                     19.72    8.77   22.29   35.53   72.45  -40.43    0.35     0.18    0.34      0.44
B22                     38.11   39.35    1.94   69.00    0.55   89.30    0.68     0.66    0.03      0.75
C01                      7.85    7.97    5.57   33.91    1.58    4.60    0.24     0.25    0.16      0.54
C02                      8.43    8.18    3.54   34.36    4.86   16.83    0.18     0.19    0.07      0.45
C03                      8.55    8.02    1.23   34.01    7.36   36.97    0.30     0.30    0.04      0.86
C04                     10.55    9.42    0.88   36.78   11.61   46.94    0.20     0.20    0.02      0.54
C05                     32.07   32.00   19.03   63.34    4.40   14.15    0.53     0.58    0.29      0.52
C06                     32.71   30.76   11.50   62.30   11.20   31.30    0.48     0.52    0.20      0.45
C07                     34.49   31.01    6.16   62.51   16.49   51.15    0.79     0.82    0.18      0.75
C08                     36.29   31.05    1.42   62.55   22.42   83.85    0.59     0.59    0.03      0.65
C09                     56.14   56.25   36.40   79.75    4.77   12.85    0.92     1.04    0.80      0.55
C10                     57.24   55.03   25.41   79.06   10.49   28.84    0.64     0.79    0.64      0.27
C11                     59.02   54.60   17.67   78.81   15.87   43.83    0.69     0.95    0.61      0.20
C12                     58.60   52.98   10.50   77.86   18.94   61.24    0.35     0.55    0.27      0.16
C13                     59.54   69.23   67.07   86.62  -16.56   -9.71    0.96     0.80    0.38      0.23
C14                     71.96   65.00   65.34   84.48   20.42  -11.78    0.44     0.63    0.33      0.17
C15                     77.66   82.22   44.49   92.67   -3.21   24.60    0.38     0.35    0.96      0.10
C16                     70.17   72.71   60.35   88.31    0.14   -0.35    0.66     0.70    0.67      0.34
C17                     66.15   60.77   41.63   82.25   17.48   10.19    0.47     0.69    0.71      0.22
C18                     54.82   66.27   43.50   85.13  -21.70   12.81    0.47     0.35    0.51      0.08
C19                     48.94   49.55   62.01   75.79    3.17  -23.56    0.47     0.54    0.17      0.18
C20                      7.26   11.21   20.77   39.93  -30.00  -29.83    0.19     0.28    0.46      0.50
C21                     13.05    6.02   14.86   29.46   60.75  -34.58    0.25     0.13    0.25      0.37
C22                     25.16   26.34    1.62   58.36   -1.01   74.27    0.44     0.45    0.03      0.65
D01                      7.69    8.26    6.32   34.51   -2.53    2.16    0.24     0.26    0.17      0.56
D02                      7.58    8.41    4.30   34.82   -4.84   12.93    0.16     0.18    0.06      0.46
D03                      7.53    8.59    2.58   35.18   -6.92   25.27    0.25     0.28    0.06      0.75
D04                      8.13    9.38    1.07   36.71   -7.96   43.82    0.17     0.19    0.01      0.61
D05                     35.84   38.23   24.58   68.18   -3.37   11.58    0.65     0.71    0.45      0.54
D06                     35.66   38.45   17.55   68.35   -4.69   26.05    0.55     0.59    0.35      0.42
D07                     34.93   38.33   11.55   68.26   -6.75   41.42    0.93     0.98    0.32      0.77
D08                     34.40   38.62    6.63   68.47   -9.49   59.35    0.60     0.64    0.16      0.46
D09                     61.48   64.72   38.55   84.34   -2.14   17.81    0.81     0.88    0.74      0.41
D10                     60.56   64.92   24.33   84.44   -4.75   40.07    0.65     0.71    0.55      0.21
D11                     58.73   63.79   13.84   83.86   -6.59   61.88    0.78     0.84    0.41      0.22
D12                     56.73   62.09    4.46   82.96   -7.60   95.00    0.61     0.56    0.09      0.29
D13                     56.15   67.43   68.20   85.72  -20.94  -12.31    1.02     0.89    0.42      0.23
D14                     71.32   61.75   66.43   82.78   26.41  -15.74    0.45     0.65    0.30      0.11
D15                     78.88   84.03   39.74   93.46   -4.20   31.97    0.32     0.28    0.93      0.23
D16                     69.24   71.77   59.73   87.86    0.08   -0.50    0.52     0.56    0.50      0.27
D17                     64.40   56.82   36.29   80.08   22.93   13.56    0.68     0.90    0.82      0.28
D18                     49.11   62.30   38.12   83.07  -27.76   16.22    0.58     0.50    0.58      0.11
D19                     42.71   42.67   61.18   71.33    4.72  -30.45    0.56     0.63    0.25      0.18
D20                      5.26    7.73   13.72   33.40  -23.28  -24.80    0.17     0.24    0.38      0.54
D21                      8.70    4.34   10.27   24.75   48.62  -29.60    0.26     0.15    0.26      0.46
D22                     15.89   16.85    1.48   48.07   -2.08   58.06    0.45     0.48    0.04      0.83
E01                      7.10    8.26    5.85   34.52   -8.17    4.34    0.24     0.28    0.19      0.58
E02                      6.37    8.30    3.52   34.59  -15.94   17.36    0.14     0.18    0.09      0.42
E03                      6.06    8.67    1.28   35.33  -22.47   38.68    0.24     0.33    0.05      0.89
E04                      6.54   10.15    1.24   38.11  -29.29   43.99    0.14     0.20    0.02      0.53
E05                     18.95   22.81   13.34   54.87  -14.80   13.25    0.54     0.64    0.37      0.70
E06                     16.69   22.64    7.70   54.69  -26.08   31.20    0.38     0.47    0.20      0.45
E07                     15.09   22.45    1.95   54.49  -34.45   64.13    0.61     0.76    0.06      1.02
E08                     14.88   23.98    1.97   56.07  -42.43   66.62    0.35     0.43    0.03      0.46
E09                     45.50   50.46   34.64   76.34   -8.79    9.47    1.08     1.16    0.90      0.69
E10                     42.19   49.36   26.20   75.67  -15.57   21.62    0.86     0.93    0.74      0.45
E11                     39.54   49.23   19.45   75.59  -23.33   34.39    1.20     1.23    0.76      0.45
E12                     35.96   47.78   14.00   74.68  -30.99   45.65    0.70     0.71    0.40      0.17
E13                     48.62   60.62   64.57   82.17  -25.21  -15.03    0.93     0.82    0.42      0.20
E14                     66.30   54.75   63.17   78.90   32.27  -19.33    0.50     0.66    0.42      0.18
E15                     75.68   81.00   33.69   92.13   -4.85   38.08    0.48     0.48    0.95      0.30
E16                     64.76   66.84   55.83   85.42    0.71   -0.70    0.57     0.61    0.69      0.31
E17                     59.49   50.35   29.24   76.28   27.87   17.59    0.75     0.98    0.92      0.21
E18                     42.15   56.27   31.29   79.76  -33.31   20.36    0.57     0.50    0.71      0.14
E19                     35.32   34.60   56.97   65.43    6.73  -36.36    0.68     0.79    0.50      0.23
E20                      3.30    4.55    7.91   25.41  -16.26  -20.12    0.14     0.19    0.33      0.67
E21                      4.95    2.71    5.98   18.83   35.67  -23.34    0.18     0.10    0.22      0.58
E22                      8.66    9.17    1.13   36.31   -1.53   42.28    0.29     0.32    0.05      0.75
F01                      2.84    4.03    3.63   23.78  -17.13   -2.01    0.13     0.16    0.14      0.52
F02                      1.92    3.86    3.07   23.21  -33.40    0.81    0.08     0.13    0.11      0.44
F03                      1.53    4.01    2.33   23.70  -45.49    7.53    0.07     0.16    0.10      0.57
F04                      1.87    4.92    2.57   26.51  -48.93   10.34    0.06     0.13    0.07      0.45
F05                     11.72   15.54   12.54   46.36  -21.20    0.80    0.42     0.54    0.38      0.74
F06                      8.73   14.95   10.10   45.56  -40.85    6.84    0.26     0.37    0.27      0.48
F07                      5.06   12.61    8.21   42.16  -63.54    7.61    0.21     0.41    0.31      0.56
F08                      4.71   13.13    7.46   42.95  -71.37   11.91    0.12     0.24    0.21      0.24
F09                     43.73   50.57   40.96   76.41  -14.19    0.99    1.09     1.17    1.02      0.68
F10                     38.87   49.64   37.13   75.84  -26.54    5.11    0.84     0.89    0.85      0.41
F11                     33.47   47.37   33.56   74.42  -38.39    7.73    1.11     1.13    1.00      0.29
F12                     29.15   45.46   29.62   73.19  -48.90   11.65    0.73     0.78    0.76      0.18
F13                     45.60   59.05   66.55   81.32  -29.93  -18.37    1.11     1.06    0.67      0.23
F14                     65.35   51.18   63.32   76.78   39.27  -23.12    0.59     0.72    0.54      0.24
F15                     77.23   82.67   29.02   92.87   -4.93   46.56    0.58     0.59    1.00      0.34
F16                     50.36   51.98   44.82   77.26    0.64   -2.38    0.82     0.89    0.96      0.54
F17                     57.65   47.01   24.69   74.19   32.45   21.75    0.88     1.06    0.90      0.20
F18                     37.36   52.66   26.54   77.67  -39.26   24.48    0.62     0.59    0.66      0.15
F19                     30.52   29.18   56.46   60.93    9.12  -43.59    0.63     0.72    0.43      0.11
F20                      1.61    2.22    3.78   16.61  -12.73  -15.33    0.08     0.11    0.20      0.62
F21                      2.26    1.39    3.08   11.88   22.83  -18.73    0.12     0.07    0.17      0.72
F22                      4.20    4.49    0.88   25.21   -1.78   27.11    0.16     0.18    0.04      0.67
G01                      4.76    5.81    6.38   28.93  -10.29   -7.75    0.18     0.21    0.20      0.48
G02                      3.93    5.70    6.77   28.65  -20.33   -9.90    0.12     0.15    0.15      0.35
G03                      3.18    5.59    7.26   28.35  -30.85  -12.46    0.14     0.21    0.22      0.45
G04                      2.41    5.06    7.54   26.91  -38.72  -16.08    0.05     0.10    0.10      0.31
G05                     13.98   17.40   17.23   48.76  -16.50   -6.99    0.40     0.50    0.45      0.63
G06                     11.86   17.43   18.34   48.80  -30.67   -9.43    0.32     0.39    0.39      0.39
G07                      8.77   16.30   18.94   47.36  -48.27  -13.20    0.35     0.52    0.59      0.49
G08                      6.44   14.25   19.42   44.59  -58.32  -19.02    0.16     0.26    0.44      0.30
G09                     41.90   48.01   43.33   74.83  -12.80   -4.75    0.83     0.87    0.74      0.51
G10                     36.72   46.49   43.90   73.86  -24.92   -7.12    0.78     0.83    0.83      0.44
G11                     32.09   45.12   44.69   72.97  -37.01   -9.62    0.94     0.95    0.87      0.27
G12                     26.79   41.69   43.66   70.65  -47.25  -12.35    0.64     0.75    0.87      0.32
G13                     38.81   52.32   62.87   77.47  -33.74  -21.52    0.93     0.93    0.62      0.20
G14                     60.05   44.49   58.90   72.55   45.28  -26.06    0.56     0.67    0.51      0.22
G15                     73.95   79.46   22.70   91.44   -5.43   55.18    0.34     0.35    0.75      0.51
G16                     39.31   40.89   35.06   70.10   -0.37   -1.90    0.68     0.73    0.77      0.52
G17                     51.27   39.23   18.24   68.91   39.06   25.50    0.69     0.84    0.67      0.16
G18                     30.92   46.22   20.83   73.69  -44.34   28.24    0.48     0.42    0.44      0.20
G19                     24.42   22.61   51.73   54.67   11.76  -49.33    0.44     0.51    0.26      0.16
G20                     19.45    9.68    0.29   37.26   63.63   58.68    0.39     0.21    0.02      0.64
G21                      5.52   13.21    1.82   43.07  -61.89   45.74    0.16     0.28    0.04      0.38
G22                      4.40    1.28   20.39   11.10   61.83  -78.76    0.09     0.04    0.32      0.28
H01                      5.13    5.97    7.48   29.34   -7.43  -11.65    0.20     0.23    0.24      0.53
H02                      4.66    5.85    8.91   29.03  -12.03  -17.61    0.13     0.16    0.19      0.33
H03                      3.71    5.36   10.29   27.73  -19.79  -24.53    0.14     0.19    0.26      0.39
H04                      2.95    4.82   11.67   26.20  -25.60  -31.44    0.06     0.10    0.16      0.25
H05                     15.36   17.60   20.49   49.01   -9.19  -13.62    0.40     0.47    0.46      0.56
H06                     14.14   17.47   24.37   48.84  -15.87  -21.38    0.34     0.41    0.46      0.46
H07                     12.22   16.82   28.84   48.02  -24.88  -30.48    0.45     0.55    0.68      0.52
H08                      9.73   15.44   32.81   46.22  -35.44  -39.78    0.21     0.30    0.50      0.37
H09                     44.18   48.46   47.58   75.11   -7.27   -9.37    0.89     0.95    0.82      0.58
H10                     41.51   47.48   53.00   74.50  -12.55  -16.53    0.74     0.81    0.68      0.46
H11                     38.34   46.36   57.47   73.77  -19.30  -22.50    1.08     1.11    0.77      0.45
H12                     35.39   45.64   63.02   73.31  -26.99  -28.83    0.60     0.66    0.42      0.20
H13                     35.83   50.12   63.45   76.14  -37.69  -24.37    0.85     0.86    0.54      0.13
H14                     57.56   39.77   58.13   69.30   53.30  -30.88    0.52     0.60    0.43      0.24
H15                     74.62   79.79   18.43   91.59   -4.70   64.18    0.39     0.42    0.64      0.53
H16                     31.50   32.58   28.90   63.82    0.29   -3.35    0.64     0.69    0.66      0.56
H17                     49.19   35.29   13.97   65.97   46.19   30.70    0.71     0.81    0.52      0.18
H18                     26.80   42.79   17.30   71.41  -50.49   31.92    0.46     0.48    0.39      0.16
H19                     19.94   17.32   49.63   48.65   16.98  -57.35    0.43     0.49    0.41      0.28
H20                     15.04    7.86    0.33   33.69   54.95   51.78    0.42     0.23    0.01      0.86
H21                      4.65   10.82    1.62   39.27  -56.28   41.29    0.15     0.27    0.05      0.49
H22                      4.29    1.44   17.70   12.24   55.51  -71.03    0.10     0.04    0.32      0.46
I01                      7.86    7.98   11.75   33.94    1.52  -18.31    0.23     0.25    0.31      0.46
I02                      7.87    7.94   16.58   33.86    1.97  -31.17    0.17     0.19    0.28      0.29
I03                      7.01    7.09   21.97   32.01    1.77  -45.88    0.19     0.22    0.42      0.31
I04                      5.37    5.66   25.90   28.54   -1.02  -59.11    0.07     0.10    0.30      0.23
I05                     20.13   20.76   26.75   52.69    0.55  -18.97    0.39     0.45    0.46      0.44
I06                     20.22   20.43   34.43   52.32    2.56  -31.65    0.33     0.38    0.40      0.28
I07                     19.68   19.76   42.70   51.56    3.17  -44.08    0.53     0.58    0.52      0.23
I08                     17.66   18.13   48.46   49.65    0.97  -54.30    0.29     0.36    0.39      0.17
I09                     45.74   47.08   47.83   74.24    0.96  -11.16    0.77     0.82    0.66      0.50
I10                     45.34   46.19   53.12   73.67    2.30  -18.09    0.61     0.69    0.49      0.37
I11                     44.45   45.00   59.03   72.89    3.09  -25.62    0.94     1.00    0.46      0.37
I12                     42.57   42.90   61.16   71.48    3.63  -30.16    0.65     0.71    0.35      0.23
I13                     30.20   44.17   60.19   72.34  -41.22  -27.72    0.60     0.63    0.40      0.19
I14                     52.67   33.47   53.73   64.53   61.60  -34.50    0.42     0.48    0.36      0.41
I15                     71.35   76.09   13.44   89.90   -4.21   73.37    0.36     0.39    0.41      0.62
I16                     19.86   20.80   18.44   52.72   -0.97   -2.86    0.51     0.56    0.54      0.62
I17                     43.99   29.71    9.21   61.40   51.28   37.18    0.44     0.54    0.31      0.30
I18                     21.16   36.35   12.63   66.78  -55.25   35.76    0.35     0.39    0.29      0.24
I19                     15.45   12.43   45.04   41.88   22.08  -63.65    0.30     0.36    0.30      0.50
I20                     10.77    5.97    0.39   29.34   45.38   43.15    0.32     0.19    0.02      0.69
I21                      3.91    8.37    1.51   34.74  -47.01   34.75    0.14     0.25    0.05      0.52
I22                      3.36    1.26   12.29   10.96   47.17  -59.53    0.10     0.05    0.33      0.65
J01                      4.32    3.80    7.36   23.00    9.44  -22.11    0.16     0.15    0.22      0.38
J02                      4.95    3.55   11.40   22.12   21.51  -37.64    0.14     0.11    0.24      0.28
J03                      5.38    3.20   16.50   20.82   32.36  -53.46    0.17     0.13    0.33      0.30
J04                      5.29    2.75   22.06   19.02   39.04  -68.45    0.09     0.07    0.28      0.27
J05                     18.46   17.34   24.17   48.68    9.40  -21.31    0.36     0.38    0.37      0.34
J06                     20.13   16.84   32.87   48.06   20.48  -36.71    0.33     0.35    0.40      0.19
J07                     21.11   16.07   41.67   47.06   29.50  -50.54    0.62     0.58    0.55      0.19
J08                     21.10   14.88   47.86   45.47   36.35  -60.81    0.39     0.38    0.42      0.30
J09                     49.07   48.45   50.18   75.10    6.50  -12.36    0.87     0.91    0.73      0.53
J10                     49.90   46.75   56.68   74.03   13.37  -21.24    0.74     0.83    0.56      0.36
J11                     50.57   45.09   62.77   72.95   19.83  -29.21    1.03     1.15    0.50      0.25
J12                     48.26   41.60   61.34   70.59   23.75  -31.88    0.77     0.81    0.45      0.20
J13                     26.36   40.50   59.90   69.82  -45.45  -31.77    0.60     0.69    0.44      0.17
J14                     50.61   29.42   52.46   61.15   70.80  -38.95    0.45     0.46    0.40      0.35
J15                     71.79   76.12    9.48   89.92   -3.36   85.41    0.49     0.54    0.34      0.50
J16                     12.16   12.78   11.75   42.43   -1.17   -3.69    0.39     0.43    0.42      0.66
J17                     41.29   25.74    6.25   57.78   58.83   42.62    0.53     0.56    0.31      0.38
J18                     16.84   31.72    9.51   63.11  -61.53   39.07    0.27     0.31    0.20      0.23
J19                     12.16    8.55   41.87   35.10   30.51  -71.42    0.26     0.30    0.40      0.63
J20                      7.44    4.52    0.45   25.32   34.70   35.10    0.23     0.15    0.02      0.58
J21                      2.88    5.86    1.40   29.05  -39.04   26.33    0.12     0.21    0.06      0.59
J22                      2.72    1.14    8.82   10.10   39.61  -49.92    0.08     0.04    0.27      0.73
K01                      8.72    7.90    9.53   33.77    9.91  -11.56    0.26     0.25    0.27      0.46
K02                      9.96    7.87   11.47   33.71   20.31  -17.89    0.20     0.19    0.23      0.28
K03                     10.92    7.49   13.52   32.90   31.12  -25.12    0.33     0.26    0.37      0.42
K04                     11.49    6.64   14.86   30.97   43.55  -31.96    0.13     0.10    0.18      0.24
K05                     23.47   21.02   24.36   52.97   14.90  -14.26    0.41     0.42    0.42      0.37
K06                     26.99   20.50   30.00   52.40   32.24  -24.81    0.40     0.38    0.41      0.20
K07                     29.72   19.45   35.25   51.21   48.03  -34.75    0.58     0.51    0.48      0.18
K08                     32.34   18.16   39.27   49.69   64.23  -42.88    0.41     0.34    0.38      0.18
K09                     50.47   46.81   47.86   74.07   14.73  -11.50    0.72     0.77    0.64      0.42
K10                     54.22   44.74   54.35   72.72   30.27  -21.05    0.61     0.70    0.52      0.19
K11                     57.47   42.58   59.19   71.26   44.63  -28.58    0.74     0.93    0.45      0.24
K12                     56.82   38.67   56.79   68.51   54.92  -30.87    0.37     0.48    0.28      0.31
K13                     21.38   34.53   54.80   65.38  -48.15  -34.18    0.47     0.58    0.39      0.12
K14                     43.86   22.77   46.03   54.83   79.21  -42.51    0.31     0.30    0.29      0.30
K15                     69.51   72.65    5.95   88.28   -1.17   96.58    0.25     0.29    0.18      0.46
K16                      5.79    6.16    6.16   29.82   -1.75   -5.20    0.19     0.21    0.23      0.51
K17                     36.01   20.78    3.18   52.71   63.92   50.93    0.38     0.35    0.15      0.30
K18                     12.38   25.56    6.03   57.61  -65.03   43.30    0.22     0.30    0.14      0.14
K19                      8.54    4.91   35.61   26.48   39.79  -77.89    0.14     0.16    0.31      0.54
K20                      4.56    3.05    0.41   20.25   24.52   27.14    0.16     0.12    0.02      0.61
K21                      1.97    3.69    1.08   22.60  -29.82   19.50    0.09     0.15    0.05      0.55
K22                      1.91    0.91    5.38    8.23   30.94  -38.73    0.07     0.03    0.19      0.74
L01                      6.40    6.02    6.37   29.46    6.47   -6.77    0.22     0.20    0.18      0.48
L02                      7.19    5.87    6.76   29.08   16.14   -9.13    0.15     0.14    0.12      0.24
L03                      7.70    5.46    6.98   27.99   25.69  -11.95    0.24     0.19    0.20      0.34
L04                      8.12    4.82    7.09   26.22   37.20  -15.47    0.11     0.08    0.10      0.23
L05                     19.62   17.89   17.63   49.36   12.36   -6.88    0.44     0.45    0.36      0.46
L06                     22.25   17.49   18.65   48.87   27.09   -9.98    0.42     0.40    0.41      0.34
L07                     24.96   17.10   19.33   48.38   41.16  -12.28    0.67     0.55    0.54      0.41
L08                     27.25   15.84   20.69   46.77   57.57  -17.89    0.43     0.33    0.47      0.27
L09                     52.55   48.46   44.47   75.11   15.69   -5.66    0.78     0.85    0.70      0.46
L10                     57.00   46.91   46.50   74.13   31.14   -9.79    0.68     0.78    0.77      0.28
L11                     59.43   43.83   47.76   72.11   45.73  -14.76    0.67     0.85    0.75      0.10
L12                     56.98   39.88   47.68   69.38   51.54  -19.37    0.57     0.63    0.70      0.13
L13                     13.97   24.26   50.49   56.34  -49.22  -45.05    0.23     0.37    0.38      0.21
L14                     31.54   13.18   34.38   43.03   90.04  -47.60    0.29     0.15    0.28      0.20
L15                     67.16   67.25    2.48   85.63    5.15  113.01    0.40     0.43    0.05      0.15
L16                      1.08    1.30    1.46   11.25   -5.73   -5.08    0.05     0.06    0.07      0.45
L17                     24.96   11.99    0.29   41.20   72.10   65.64    0.43     0.24    0.03      0.38
L18                      5.90   15.05    2.12   45.70  -68.96   47.38    0.11     0.20    0.05      0.20
L19                      4.53    1.22   23.22   10.67   65.46  -85.08    0.06     0.04    0.26      0.20
L20                      2.36    1.70    0.41   13.81   16.66   16.03    0.10     0.08    0.03      0.51
L21                      1.15    2.07    0.86   15.84  -23.00   11.22    0.07     0.12    0.05      0.69
L22                      1.23    0.68    3.19    6.13   21.49  -29.46    0.05     0.03    0.15      0.94
Dmin                    88.37   91.42   74.67   96.58    0.40    0.66    0.35     0.35    0.32      0.14
GS01                    63.50   65.52   55.55   84.75    0.75   -1.58    0.54     0.60    0.56      0.31
GS02                    57.35   59.15   50.82   81.37    0.77   -2.26    0.43     0.49    0.50      0.27
GS03                    51.98   53.70   46.51   78.28    0.53   -2.65    0.61     0.66    0.62      0.39
GS04                    46.88   48.75   41.87   75.29   -0.34   -2.12    0.41     0.46    0.45      0.29
GS05                    42.27   44.08   38.25   72.28   -0.70   -2.57    0.49     0.53    0.48      0.36
GS06                    37.66   39.29   34.50   68.96   -0.71   -3.06    0.37     0.41    0.41      0.30
GS07                    32.99   34.46   30.48   65.32   -0.83   -3.28    0.64     0.65    0.54      0.50
GS08                    28.95   30.09   27.31   61.73   -0.24   -4.32    0.40     0.44    0.45      0.39
GS09                    25.06   26.26   24.13   58.28   -1.11   -4.67    0.62     0.67    0.61      0.63
GS10                    21.86   23.00   20.74   55.06   -1.43   -3.69    0.50     0.56    0.50      0.58
GS11                    18.82   19.84   18.21   51.65   -1.62   -4.20    0.73     0.75    0.57      0.82
GS12                    15.75   16.64   15.40   47.80   -1.70   -4.27    0.44     0.50    0.41      0.63
GS13                    13.11   13.79   13.40   43.92   -1.26   -5.78    0.56     0.58    0.45      0.79
GS14                    11.02   11.67   11.11   40.69   -1.74   -4.76    0.32     0.36    0.33      0.59
GS15                     8.69    9.15    9.25   36.25   -1.07   -6.32    0.39     0.40    0.34      0.72
GS16                     6.77    7.13    7.35   32.09   -1.04   -6.38    0.21     0.23    0.23      0.51
GS17                     5.01    5.39    5.77   27.81   -2.26   -6.83    0.23     0.25    0.23      0.63
GS18                     3.62    3.92    4.15   23.40   -2.48   -5.91    0.09     0.10    0.11      0.35
GS19                     2.34    2.64    3.20   18.52   -4.08   -8.15    0.09     0.10    0.13      0.49
GS20                     1.92    2.25    2.61   16.75   -5.63   -6.74    0.06     0.08    0.11      0.50
GS21                     1.32    1.57    1.90   13.01   -5.50   -6.84    0.06     0.07    0.09      0.47
GS22                     0.65    0.86    1.03    7.77   -7.34   -5.36    0.03     0.04    0.05      0.51
Dmax                     0.18    0.19    0.27    1.74   -0.21   -2.14    0.01     0.01    0.02      0.25
END_DATA




